#
# 3-day summary product time series for thompsonfarm2N
#
# Site: thompsonfarm2N
# Veg Type: EN
# ROI ID Number: 0002
# Lat: 43.1086
# Lon: -70.9505
# Elev: 23
# UTC Offset: -5
# Image Count Threshold: 1
# Aggregation Period: 3
# Solar Elevation Min: 10.0
# Time of Day Min: 00:00:00
# Time of Day Max: 23:59:59
# ROI Brightness Min: 100
# ROI Brightness Max: 665
# Creation Date: 2017-02-20
# Creation Time: 10:30:26
# Update Date: 2017-04-18
# Update Time: 05:35:36
# Final Processing Date: 2017-04-18
# Final Processing Time: 18:56:49
#
date,year,doy,image_count,midday_filename,midday_r,midday_g,midday_b,midday_gcc,midday_rcc,r_mean,r_std,g_mean,g_std,b_mean,b_std,gcc_mean,gcc_std,gcc_50,gcc_75,gcc_90,rcc_mean,rcc_std,rcc_50,rcc_75,rcc_90,max_solar_elev,snow_flag,outlierflag_gcc_mean,outlierflag_gcc_50,outlierflag_gcc_75,outlierflag_gcc_90,smooth_gcc_mean,smooth_gcc_50,smooth_gcc_75,smooth_gcc_90,smooth_rcc_mean,smooth_rcc_50,smooth_rcc_75,smooth_rcc_90,smooth_ci_gcc_mean,smooth_ci_gcc_50,smooth_ci_gcc_75,smooth_ci_gcc_90,smooth_ci_rcc_mean,smooth_ci_rcc_50,smooth_ci_rcc_75,smooth_ci_rcc_90,int_flag
2010-02-16,2010,47,NA,NA,NA,NA,NA,NA,NA,NA,NA,NA,NA,NA,NA,NA,NA,NA,NA,NA,NA,NA,NA,NA,NA,NA,NA,0,0,0,0,0.31269,0.31253,0.31494,0.31645,0.42363,0.48382,0.42662,0.40955,0.02,0.02,0.02,0.02,0.02,0.02,0.02,0.02,1
2010-02-19,2010,50,NA,NA,NA,NA,NA,NA,NA,NA,NA,NA,NA,NA,NA,NA,NA,NA,NA,NA,NA,NA,NA,NA,NA,NA,NA,0,0,0,0,0.3118,0.31155,0.31381,0.31534,0.42547,0.48292,0.42866,0.41167,0.02,0.02,0.02,0.02,0.02,0.02,0.02,0.02,1
2010-02-22,2010,53,NA,NA,NA,NA,NA,NA,NA,NA,NA,NA,NA,NA,NA,NA,NA,NA,NA,NA,NA,NA,NA,NA,NA,NA,NA,0,0,0,0,0.31122,0.31091,0.31305,0.31458,0.42712,0.48189,0.43053,0.41367,0.02,0.02,0.02,0.02,0.02,0.02,0.02,0.02,1
2010-02-25,2010,56,NA,NA,NA,NA,NA,NA,NA,NA,NA,NA,NA,NA,NA,NA,NA,NA,NA,NA,NA,NA,NA,NA,NA,NA,NA,0,0,0,0,0.31097,0.31064,0.31268,0.31421,0.42839,0.48044,0.43205,0.41558,0.02,0.02,0.02,0.02,0.02,0.02,0.02,0.02,1
2010-02-28,2010,59,NA,NA,NA,NA,NA,NA,NA,NA,NA,NA,NA,NA,NA,NA,NA,NA,NA,NA,NA,NA,NA,NA,NA,NA,NA,0,0,0,0,0.31102,0.31069,0.31266,0.31418,0.4291,0.4783,0.43307,0.41741,0.02,0.02,0.02,0.02,0.02,0.02,0.02,0.02,1
2010-03-03,2010,62,NA,NA,NA,NA,NA,NA,NA,NA,NA,NA,NA,NA,NA,NA,NA,NA,NA,NA,NA,NA,NA,NA,NA,NA,NA,0,0,0,0,0.31137,0.31108,0.31298,0.3145,0.42905,0.4752,0.43343,0.41917,0.02,0.02,0.02,0.02,0.02,0.02,0.02,0.02,1
2010-03-06,2010,65,NA,NA,NA,NA,NA,NA,NA,NA,NA,NA,NA,NA,NA,NA,NA,NA,NA,NA,NA,NA,NA,NA,NA,NA,NA,0,0,0,0,0.31221,0.312,0.31389,0.31537,0.42901,0.4721,0.43378,0.42081,0.02,0.02,0.02,0.02,0.02,0.02,0.02,0.02,1
2010-03-09,2010,68,NA,NA,NA,NA,NA,NA,NA,NA,NA,NA,NA,NA,NA,NA,NA,NA,NA,NA,NA,NA,NA,NA,NA,NA,NA,0,0,0,0,0.31327,0.31317,0.31507,0.3165,0.4296,0.46986,0.43467,0.42229,0.02,0.02,0.02,0.02,0.02,0.02,0.02,0.02,1
2010-03-12,2010,71,NA,NA,NA,NA,NA,NA,NA,NA,NA,NA,NA,NA,NA,NA,NA,NA,NA,NA,NA,NA,NA,NA,NA,NA,NA,0,0,0,0,0.31462,0.31467,0.3166,0.31801,0.43045,0.46806,0.43578,0.42362,0.02,0.02,0.02,0.02,0.02,0.02,0.02,0.02,1
2010-03-15,2010,74,NA,NA,NA,NA,NA,NA,NA,NA,NA,NA,NA,NA,NA,NA,NA,NA,NA,NA,NA,NA,NA,NA,NA,NA,NA,0,0,0,0,0.31572,0.31587,0.31777,0.31923,0.43118,0.46624,0.43676,0.42484,0.02,0.02,0.02,0.02,0.02,0.02,0.02,0.02,1
2010-03-18,2010,77,NA,NA,NA,NA,NA,NA,NA,NA,NA,NA,NA,NA,NA,NA,NA,NA,NA,NA,NA,NA,NA,NA,NA,NA,NA,0,0,0,0,0.31671,0.31695,0.31882,0.32033,0.43142,0.46397,0.43729,0.42596,0.02,0.02,0.02,0.02,0.02,0.02,0.02,0.02,1
2010-03-21,2010,80,NA,NA,NA,NA,NA,NA,NA,NA,NA,NA,NA,NA,NA,NA,NA,NA,NA,NA,NA,NA,NA,NA,NA,NA,NA,0,0,0,0,0.31719,0.31741,0.31928,0.32085,0.43078,0.46082,0.43705,0.42702,0.02,0.02,0.02,0.02,0.02,0.02,0.02,0.02,1
2010-03-24,2010,83,NA,NA,NA,NA,NA,NA,NA,NA,NA,NA,NA,NA,NA,NA,NA,NA,NA,NA,NA,NA,NA,NA,NA,NA,NA,0,0,0,0,0.31741,0.31756,0.3195,0.32107,0.43009,0.45757,0.43675,0.42793,0.02,0.02,0.02,0.02,0.02,0.02,0.02,0.02,1
2010-03-27,2010,86,NA,NA,NA,NA,NA,NA,NA,NA,NA,NA,NA,NA,NA,NA,NA,NA,NA,NA,NA,NA,NA,NA,NA,NA,NA,0,0,0,0,0.31761,0.31768,0.31968,0.32127,0.43013,0.45507,0.43708,0.42861,0.02,0.02,0.02,0.02,0.02,0.02,0.02,0.02,1
2010-03-30,2010,89,NA,NA,NA,NA,NA,NA,NA,NA,NA,NA,NA,NA,NA,NA,NA,NA,NA,NA,NA,NA,NA,NA,NA,NA,NA,0,0,0,0,0.31789,0.31795,0.31996,0.32152,0.43048,0.45294,0.43766,0.42913,0.02,0.02,0.02,0.02,0.02,0.02,0.02,0.02,1
2010-04-02,2010,92,NA,NA,NA,NA,NA,NA,NA,NA,NA,NA,NA,NA,NA,NA,NA,NA,NA,NA,NA,NA,NA,NA,NA,NA,NA,0,0,0,0,0.31876,0.31883,0.32085,0.32238,0.43069,0.45081,0.4381,0.42954,0.02,0.02,0.02,0.02,0.02,0.02,0.02,0.02,1
2010-04-05,2010,95,NA,NA,NA,NA,NA,NA,NA,NA,NA,NA,NA,NA,NA,NA,NA,NA,NA,NA,NA,NA,NA,NA,NA,NA,NA,0,0,0,0,0.31985,0.31995,0.32196,0.32346,0.43034,0.44832,0.43804,0.42989,0.02,0.02,0.02,0.02,0.02,0.02,0.02,0.02,1
2010-04-08,2010,98,NA,NA,NA,NA,NA,NA,NA,NA,NA,NA,NA,NA,NA,NA,NA,NA,NA,NA,NA,NA,NA,NA,NA,NA,NA,0,0,0,0,0.32143,0.32157,0.32355,0.32506,0.42899,0.44511,0.43709,0.43025,0.02,0.02,0.02,0.02,0.02,0.02,0.02,0.02,1
2010-04-11,2010,101,NA,NA,NA,NA,NA,NA,NA,NA,NA,NA,NA,NA,NA,NA,NA,NA,NA,NA,NA,NA,NA,NA,NA,NA,NA,0,0,0,0,0.32309,0.32327,0.3252,0.32672,0.42792,0.44192,0.43637,0.43066,0.02,0.02,0.02,0.02,0.02,0.02,0.02,0.02,1
2010-04-14,2010,104,NA,NA,NA,NA,NA,NA,NA,NA,NA,NA,NA,NA,NA,NA,NA,NA,NA,NA,NA,NA,NA,NA,NA,NA,NA,0,0,0,0,0.32471,0.32493,0.32682,0.32838,0.42818,0.43952,0.4368,0.43109,0.02,0.02,0.02,0.02,0.02,0.02,0.02,0.02,1
2010-04-17,2010,107,NA,NA,NA,NA,NA,NA,NA,NA,NA,NA,NA,NA,NA,NA,NA,NA,NA,NA,NA,NA,NA,NA,NA,NA,NA,0,0,0,0,0.32607,0.32627,0.32819,0.32984,0.42897,0.4375,0.43769,0.43143,0.02,0.02,0.02,0.02,0.02,0.02,0.02,0.02,1
2010-04-20,2010,110,NA,NA,NA,NA,NA,NA,NA,NA,NA,NA,NA,NA,NA,NA,NA,NA,NA,NA,NA,NA,NA,NA,NA,NA,NA,0,0,0,0,0.32685,0.32703,0.32898,0.3307,0.42952,0.43549,0.43836,0.43157,0.02,0.02,0.02,0.02,0.02,0.02,0.02,0.02,1
2010-04-23,2010,113,NA,NA,NA,NA,NA,NA,NA,NA,NA,NA,NA,NA,NA,NA,NA,NA,NA,NA,NA,NA,NA,NA,NA,NA,NA,0,0,0,0,0.32749,0.32766,0.32965,0.33145,0.42905,0.43308,0.4381,0.43141,0.02,0.02,0.02,0.02,0.02,0.02,0.02,0.02,1
2010-04-26,2010,116,NA,NA,NA,NA,NA,NA,NA,NA,NA,NA,NA,NA,NA,NA,NA,NA,NA,NA,NA,NA,NA,NA,NA,NA,NA,0,0,0,0,0.32778,0.32798,0.32999,0.33183,0.42677,0.4299,0.43624,0.43084,0.02,0.02,0.02,0.02,0.02,0.02,0.02,0.02,1
2010-04-29,2010,119,NA,NA,NA,NA,NA,NA,NA,NA,NA,NA,NA,NA,NA,NA,NA,NA,NA,NA,NA,NA,NA,NA,NA,NA,NA,0,0,0,0,0.33024,0.33095,0.33225,0.33155,0.42375,0.42661,0.43376,0.43047,0.02,0.02,0.02,0.02,0.02,0.02,0.02,0.02,1
2010-05-02,2010,122,NA,NA,NA,NA,NA,NA,NA,NA,NA,NA,NA,NA,NA,NA,NA,NA,NA,NA,NA,NA,NA,NA,NA,NA,NA,0,0,0,0,0.33336,0.33468,0.33503,0.33125,0.42139,0.42397,0.43189,0.43067,0.02,0.02,0.02,0.02,0.02,0.02,0.02,0.02,1
2010-05-05,2010,125,NA,NA,NA,NA,NA,NA,NA,NA,NA,NA,NA,NA,NA,NA,NA,NA,NA,NA,NA,NA,NA,NA,NA,NA,NA,0,0,0,0,0.3355,0.33678,0.33725,0.33431,0.41933,0.42165,0.4303,0.43094,0.02,0.02,0.02,0.02,0.02,0.02,0.02,0.02,1
2010-05-08,2010,128,NA,NA,NA,NA,NA,NA,NA,NA,NA,NA,NA,NA,NA,NA,NA,NA,NA,NA,NA,NA,NA,NA,NA,NA,NA,0,0,0,0,0.33745,0.33896,0.33944,0.33538,0.41724,0.41937,0.42864,0.43083,0.02,0.02,0.02,0.02,0.02,0.02,0.02,0.02,1
2010-05-11,2010,131,NA,NA,NA,NA,NA,NA,NA,NA,NA,NA,NA,NA,NA,NA,NA,NA,NA,NA,NA,NA,NA,NA,NA,NA,NA,0,0,0,0,0.33915,0.34054,0.34122,0.33777,0.41477,0.41681,0.42657,0.42984,0.02,0.02,0.02,0.02,0.02,0.02,0.02,0.02,1
2010-05-14,2010,134,NA,NA,NA,NA,NA,NA,NA,NA,NA,NA,NA,NA,NA,NA,NA,NA,NA,NA,NA,NA,NA,NA,NA,NA,NA,0,0,0,0,0.34035,0.34134,0.34216,0.34136,0.41158,0.41368,0.42375,0.4275,0.02,0.02,0.02,0.02,0.02,0.02,0.02,0.02,1
2010-05-17,2010,137,16,thompsonfarm2N_2010_05_17_130200.jpg,149.7929,120.72784,82.03774,0.34243,0.42487,135.3422,10.97427,111.86284,8.50615,79.07147,4.6927,0.34269,0.00265,0.34323,0.34426,0.3444,0.41459,0.00846,0.41719,0.42086,0.42278,66.09135,2,0,0,0,0,0.34233,0.34271,0.34399,0.34519,0.40809,0.4103,0.42059,0.4245,0.00259,0.00272,0.0028,0.00286,0.00969,0.0113,0.01063,0.01016,NA
2010-05-20,2010,140,33,thompsonfarm2N_2010_05_20_120200.jpg,144.7099,118.46595,83.07165,0.34214,0.41794,126.2799,18.28469,109.958,11.36089,84.09405,6.34091,0.34307,0.00414,0.34276,0.34509,0.34977,0.39273,0.02373,0.39718,0.41494,0.42077,66.67454,2,0,0,0,0,0.34391,0.34385,0.34571,0.34783,0.40496,0.40722,0.41774,0.42184,0.00159,0.00166,0.00171,0.00175,0.00808,0.0096,0.00887,0.00823,NA
2010-05-23,2010,143,36,thompsonfarm2N_2010_05_23_120200.jpg,152.979,125.1053,84.45254,0.34508,0.42197,138.7248,15.33667,116.71988,9.8751,82.45434,4.59143,0.34537,0.00306,0.34508,0.34662,0.34885,0.40966,0.01595,0.41536,0.42101,0.42222,67.29234,2,0,0,0,0,0.34492,0.3447,0.34708,0.34927,0.40216,0.40442,0.41519,0.41951,0.00142,0.00149,0.00153,0.00157,0.00681,0.0082,0.00747,0.00676,NA
2010-05-26,2010,146,36,thompsonfarm2N_2010_05_26_120400.jpg,150.1668,123.79766,84.14406,0.3457,0.41933,136.1219,15.83933,115.95222,12.24298,82.40127,6.09907,0.34643,0.00355,0.34626,0.34918,0.35093,0.40628,0.01199,0.40811,0.41496,0.41943,67.77651,2,0,0,0,0,0.34545,0.34533,0.34795,0.35004,0.39969,0.40191,0.41293,0.41748,0.0014,0.00146,0.00151,0.00154,0.00585,0.00712,0.00642,0.00574,NA
2010-05-29,2010,149,36,thompsonfarm2N_2010_05_29_120100.jpg,144.7858,125.04925,88.09123,0.34937,0.40451,134.5708,11.05176,116.3204,7.41863,85.02803,4.89968,0.34622,0.0034,0.34583,0.3495,0.35036,0.40026,0.01463,0.40104,0.41446,0.41666,68.33339,2,0,0,0,0,0.34574,0.34579,0.34852,0.35044,0.39754,0.3997,0.41096,0.41575,0.0014,0.00147,0.00151,0.00155,0.00519,0.00633,0.0057,0.00511,NA
2010-06-01,2010,152,36,thompsonfarm2N_2010_06_01_120200.jpg,123.2253,109.03986,83.95276,0.34483,0.38968,131.9491,15.61038,114.25643,10.78014,85.3487,7.06335,0.34449,0.0037,0.34478,0.34734,0.34976,0.39726,0.01877,0.40349,0.41371,0.41775,68.71461,2,0,0,0,0,0.34595,0.34611,0.34894,0.35068,0.39571,0.39777,0.40927,0.41429,0.00136,0.00143,0.00147,0.00151,0.00477,0.00578,0.00524,0.00479,NA
2010-06-04,2010,155,35,thompsonfarm2N_2010_06_04_120300.jpg,124.0266,112.62273,90.45729,0.3443,0.37916,130.2947,15.72009,116.39071,10.21597,88.7715,5.24834,0.34686,0.00507,0.34776,0.34975,0.35123,0.38735,0.01821,0.38651,0.40262,0.40824,69.03961,2,0,0,0,0,0.34616,0.34644,0.34923,0.35089,0.39424,0.39614,0.40791,0.41314,0.0013,0.00136,0.0014,0.00144,0.00452,0.00542,0.00496,0.00465,NA
2010-06-07,2010,158,32,thompsonfarm2N_2010_06_07_120300.jpg,124.0174,112.44819,93.85327,0.34042,0.37545,129.1238,14.26753,116.27206,9.5356,90.89154,6.95991,0.3457,0.00413,0.34653,0.34885,0.35049,0.38332,0.01846,0.38177,0.39883,0.41224,69.39079,2,0,0,0,0,0.3463,0.34668,0.34937,0.351,0.39311,0.39479,0.4069,0.41228,0.00134,0.00141,0.00145,0.00148,0.00435,0.00519,0.00477,0.00454,NA
2010-06-10,2010,161,36,thompsonfarm2N_2010_06_10_120200.jpg,115.3166,109.24538,90.5407,0.3467,0.36597,129.0649,13.97806,116.43983,9.38051,91.4518,5.82951,0.34542,0.00377,0.34481,0.34879,0.35091,0.38232,0.01848,0.37961,0.39797,0.40899,69.64246,2,0,0,0,0,0.34651,0.34693,0.34947,0.35117,0.39223,0.39368,0.40613,0.41163,0.00134,0.00141,0.00145,0.00148,0.00423,0.00502,0.00465,0.00445,NA
2010-06-13,2010,164,36,thompsonfarm2N_2010_06_13_120200.jpg,126.8525,119.46858,93.96427,0.35108,0.37278,126.8487,6.65927,118.50734,5.67139,94.46197,5.48298,0.34867,0.00371,0.34904,0.35111,0.35231,0.37328,0.01123,0.37229,0.38125,0.38765,69.77727,2,0,0,0,0,0.34674,0.34711,0.34962,0.35127,0.39152,0.39279,0.40551,0.41112,0.00128,0.00135,0.00139,0.00142,0.00418,0.0049,0.00459,0.00441,NA
2010-06-16,2010,167,26,thompsonfarm2N_2010_06_16_080100.jpg,119.6229,102.63522,77.47395,0.34242,0.3991,130.9974,14.58583,116.35774,10.53255,87.7472,7.17961,0.34704,0.00406,0.34772,0.34956,0.35117,0.39037,0.01901,0.38833,0.40962,0.41377,69.96614,2,0,0,0,0,0.3469,0.34719,0.34967,0.35129,0.39088,0.39207,0.40496,0.41067,0.00134,0.00141,0.00145,0.00148,0.00419,0.00481,0.0046,0.00445,NA
2010-06-19,2010,170,36,thompsonfarm2N_2010_06_19_120100.jpg,151.3749,127.64531,92.00526,0.34403,0.40799,136.4162,17.82099,117.62988,13.54056,85.86695,6.64653,0.34575,0.00445,0.34615,0.34864,0.35075,0.40038,0.01397,0.40463,0.41044,0.41417,70.07041,2,0,0,0,0,0.34678,0.34707,0.34943,0.35108,0.39022,0.3915,0.40437,0.41019,0.00134,0.00141,0.00145,0.00148,0.00427,0.00475,0.00469,0.00454,NA
2010-06-22,2010,173,36,thompsonfarm2N_2010_06_22_120100.jpg,136.6252,119.00347,88.86712,0.34544,0.39659,128.2311,13.53656,113.77762,9.7115,85.90063,5.89755,0.34685,0.00362,0.34709,0.34935,0.35104,0.39045,0.01564,0.38977,0.40484,0.41079,70.08154,2,0,0,0,0,0.34641,0.34671,0.34883,0.35069,0.38968,0.39104,0.40391,0.40988,0.00128,0.00135,0.00139,0.00142,0.0043,0.00472,0.00472,0.00456,NA
2010-06-25,2010,176,33,thompsonfarm2N_2010_06_25_120100.jpg,149.1319,126.9947,91.47019,0.34547,0.40569,131.5295,15.08009,117.17154,9.92339,89.5104,6.44103,0.34638,0.00282,0.34627,0.34866,0.34985,0.38809,0.01845,0.38931,0.40215,0.41129,70.0649,2,0,0,0,0,0.34601,0.34632,0.34824,0.35031,0.38938,0.39065,0.4037,0.40984,0.00134,0.00141,0.00145,0.00148,0.00425,0.00473,0.00467,0.00447,NA
2010-06-28,2010,179,36,thompsonfarm2N_2010_06_28_120100.jpg,134.1457,122.43263,95.27581,0.34796,0.38125,128.1126,14.189,114.8775,10.04654,88.91552,6.28615,0.34593,0.00483,0.34659,0.34855,0.35132,0.38526,0.01776,0.38435,0.39983,0.41111,69.98779,2,0,0,0,0,0.34577,0.34598,0.34785,0.35019,0.38921,0.39031,0.40363,0.40994,0.00134,0.00141,0.00145,0.00148,0.0042,0.00477,0.00461,0.00439,NA
2010-07-01,2010,182,36,thompsonfarm2N_2010_07_01_120200.jpg,150.3593,127.04826,92.1198,0.34381,0.4069,132.4978,16.88667,116.35336,11.25993,88.58677,7.90466,0.34478,0.00284,0.34482,0.34607,0.34839,0.39169,0.01953,0.3953,0.40844,0.41349,69.84814,2,0,0,0,0,0.34583,0.34597,0.34786,0.35029,0.38907,0.38998,0.40355,0.41002,0.00128,0.00135,0.00139,0.00142,0.00418,0.00484,0.00459,0.00437,NA
2010-07-04,2010,185,36,thompsonfarm2N_2010_07_04_120100.jpg,150.2949,126.77062,90.37592,0.34501,0.40903,136.1638,17.17433,116.6107,13.02444,84.85671,6.60433,0.34513,0.00405,0.34547,0.34667,0.35018,0.40244,0.01312,0.40581,0.41189,0.41497,69.6462,2,0,0,0,0,0.34595,0.34602,0.34795,0.3504,0.38884,0.38962,0.40336,0.40991,0.00134,0.00141,0.00145,0.00148,0.00421,0.00491,0.00462,0.00439,NA
2010-07-07,2010,188,36,thompsonfarm2N_2010_07_07_120200.jpg,148.3337,125.95459,89.34224,0.34638,0.40792,130.6407,20.20862,114.08013,14.2601,83.72303,6.79165,0.34719,0.00298,0.34667,0.34937,0.35123,0.3961,0.01673,0.40305,0.40983,0.4126,69.3825,2,0,0,0,0,0.34614,0.34617,0.34822,0.35043,0.38866,0.38937,0.40317,0.40973,0.00128,0.00135,0.00139,0.00142,0.00421,0.00493,0.00462,0.00435,NA
2010-07-10,2010,191,35,thompsonfarm2N_2010_07_10_120100.jpg,132.2568,117.33599,92.69014,0.3428,0.3864,130.4119,16.49555,116.71099,11.60604,89.4198,6.02653,0.34658,0.00415,0.34679,0.34968,0.35189,0.38643,0.01796,0.3864,0.40108,0.40951,69.05793,2,0,0,0,0,0.3463,0.34629,0.3485,0.35042,0.38865,0.38935,0.40315,0.40965,0.00134,0.00141,0.00145,0.00148,0.00414,0.00487,0.00454,0.00426,NA
2010-07-13,2010,194,36,thompsonfarm2N_2010_07_13_120100.jpg,127.4767,116.22119,91.67128,0.34655,0.38011,129.3463,14.93054,116.57544,10.51118,90.39127,7.11622,0.34652,0.003,0.34669,0.34852,0.34959,0.38391,0.0173,0.38029,0.39697,0.40801,68.64917,2,0,0,0,0,0.34635,0.34634,0.34872,0.35026,0.38876,0.38946,0.40322,0.40963,0.00134,0.00141,0.00145,0.00148,0.00407,0.00479,0.00447,0.00419,NA
2010-07-16,2010,197,36,thompsonfarm2N_2010_07_16_120100.jpg,153.0692,129.98016,94.13423,0.34461,0.40582,134.596,18.10144,119.15787,12.10969,90.88061,6.47086,0.3457,0.00263,0.34516,0.34808,0.34896,0.38931,0.01742,0.39107,0.40493,0.40761,68.23121,2,0,0,0,0,0.34602,0.34601,0.34849,0.3498,0.38891,0.38961,0.40332,0.40962,0.00128,0.00135,0.00139,0.00142,0.00403,0.00474,0.00443,0.0042,NA
2010-07-19,2010,200,36,thompsonfarm2N_2010_07_19_120100.jpg,132.6105,123.87921,96.52115,0.35092,0.37566,133.5868,16.1072,119.02303,11.3619,91.05194,6.6145,0.34621,0.00328,0.34662,0.34874,0.35003,0.38787,0.01685,0.38808,0.40404,0.40866,67.7321,2,0,0,0,0,0.34557,0.34557,0.34813,0.34929,0.38904,0.38972,0.40338,0.40958,0.00134,0.00141,0.00145,0.00148,0.00404,0.00474,0.00443,0.00425,NA
2010-07-22,2010,203,36,thompsonfarm2N_2010_07_22_120100.jpg,152.7914,129.02956,94.84805,0.34255,0.40564,129.5236,18.06355,116.39333,13.43448,91.63608,8.54448,0.34466,0.00382,0.34503,0.34717,0.3485,0.38277,0.01617,0.37881,0.40053,0.40676,67.17818,2,0,0,0,0,0.345,0.34499,0.3476,0.34886,0.38907,0.38969,0.40334,0.40946,0.00134,0.00141,0.00145,0.00148,0.00405,0.00475,0.00445,0.00429,NA
2010-07-25,2010,206,36,thompsonfarm2N_2010_07_25_120100.jpg,136.2498,120.39207,96.85981,0.34057,0.38543,131.8312,17.35211,117.07304,12.23021,91.10974,6.96996,0.34423,0.0036,0.34385,0.34721,0.34882,0.38668,0.01552,0.38389,0.40133,0.40745,66.57135,2,0,0,0,0,0.34452,0.34451,0.34723,0.34859,0.38907,0.3896,0.40322,0.40918,0.00128,0.00135,0.00139,0.00142,0.00402,0.00472,0.00441,0.00424,NA
2010-07-28,2010,209,36,thompsonfarm2N_2010_07_28_120100.jpg,145.9093,130.29638,98.63741,0.3476,0.38925,135.6712,17.78505,117.8821,13.24942,88.76299,7.41799,0.34422,0.00323,0.34381,0.34687,0.34776,0.39539,0.01307,0.39784,0.406,0.41048,65.91354,2,0,0,0,0,0.34407,0.34406,0.34686,0.34836,0.38912,0.38955,0.40313,0.40874,0.00134,0.00141,0.00145,0.00148,0.00396,0.00466,0.00435,0.00416,NA
2010-07-31,2010,212,35,thompsonfarm2N_2010_07_31_120100.jpg,147.8459,127.40804,94.10424,0.34494,0.40028,134.2073,19.30775,116.49258,13.64106,88.77009,7.31369,0.34302,0.00423,0.34357,0.34546,0.34805,0.39398,0.01608,0.39753,0.40861,0.41222,65.20668,2,0,0,0,0,0.34368,0.34373,0.34642,0.34804,0.38921,0.38953,0.40304,0.40823,0.00134,0.00141,0.00145,0.00148,0.00393,0.00461,0.00431,0.00412,NA
2010-08-03,2010,215,34,thompsonfarm2N_2010_08_03_120300.jpg,132.6368,119.21794,93.02576,0.34568,0.38459,134.7723,15.2431,119.09415,10.31411,91.4375,6.2936,0.34481,0.00375,0.34432,0.34804,0.34966,0.38954,0.01707,0.38556,0.40535,0.41396,64.45279,2,0,0,0,0,0.34346,0.34351,0.34602,0.34779,0.38932,0.38954,0.40296,0.40774,0.00128,0.00135,0.00139,0.00142,0.00395,0.00461,0.00434,0.00416,NA
2010-08-06,2010,218,33,thompsonfarm2N_2010_08_06_120100.jpg,135.2023,122.5525,104.02342,0.33875,0.37372,135.918,17.3828,118.76179,12.01563,91.92187,7.00905,0.34255,0.00395,0.3432,0.34523,0.34606,0.39121,0.01632,0.39132,0.40611,0.41242,63.63372,2,0,0,0,0,0.34334,0.34338,0.3457,0.34759,0.38942,0.38958,0.40289,0.40736,0.00134,0.00141,0.00145,0.00148,0.004,0.00465,0.00439,0.00424,NA
2010-08-09,2010,221,33,thompsonfarm2N_2010_08_09_120200.jpg,152.5971,128.96058,94.98977,0.34248,0.40525,136.1936,19.12827,118.32738,13.98785,90.11996,6.98135,0.3431,0.00418,0.34305,0.34484,0.34714,0.39399,0.01434,0.39576,0.40495,0.40874,62.81261,2,0,0,0,0,0.34335,0.34333,0.34548,0.34745,0.38949,0.38963,0.4028,0.40718,0.00134,0.00141,0.00145,0.00148,0.00403,0.00467,0.00443,0.00429,NA
2010-08-12,2010,224,33,thompsonfarm2N_2010_08_12_120100.jpg,114.1647,110.08897,98.52583,0.34107,0.35369,133.9712,17.62916,117.60078,12.46347,90.81976,6.99972,0.34333,0.00433,0.34364,0.34467,0.34733,0.39021,0.01639,0.40026,0.40342,0.40868,61.93103,2,0,0,0,0,0.34353,0.34349,0.34569,0.34757,0.38943,0.38961,0.40257,0.40709,0.00128,0.00135,0.00139,0.00142,0.004,0.00464,0.00439,0.00424,NA
2010-08-15,2010,227,33,thompsonfarm2N_2010_08_15_120100.jpg,154.7121,130.25784,95.37658,0.34247,0.40677,132.5162,13.73929,118.33966,10.00838,92.69857,6.55462,0.34433,0.00376,0.34348,0.34753,0.34925,0.38523,0.01554,0.38495,0.40142,0.40373,61.01167,2,0,0,0,0,0.34372,0.34367,0.34596,0.34772,0.38922,0.38949,0.40211,0.40695,0.00134,0.00141,0.00145,0.00148,0.00394,0.00458,0.00433,0.00416,NA
2010-08-18,2010,230,33,thompsonfarm2N_2010_08_18_120100.jpg,151.2595,127.17512,92.72079,0.34265,0.40754,136.2612,18.07048,118.95682,12.26468,91.633,7.44287,0.34289,0.00256,0.3427,0.34382,0.34542,0.39179,0.01842,0.39716,0.40541,0.40947,60.03557,2,0,0,0,0,0.34394,0.34394,0.34641,0.34805,0.38894,0.38934,0.40157,0.40682,0.00134,0.00141,0.00145,0.00148,0.00392,0.00456,0.0043,0.00412,NA
2010-08-21,2010,233,33,thompsonfarm2N_2010_08_21_120100.jpg,142.5142,122.02495,92.05963,0.34219,0.39965,131.56,14.16972,117.75334,10.12008,91.85233,6.61419,0.34508,0.00343,0.34525,0.34781,0.34944,0.38507,0.01532,0.37885,0.40129,0.40508,59.06929,2,0,0,0,0,0.34395,0.34405,0.3465,0.34807,0.3887,0.38921,0.40106,0.40675,0.00128,0.00135,0.00139,0.00142,0.00394,0.00458,0.00433,0.00416,NA
2010-08-24,2010,236,33,thompsonfarm2N_2010_08_24_120100.jpg,126.2349,119.66493,97.91684,0.34805,0.36716,121.333,8.83549,114.65189,8.14924,96.8437,4.17448,0.34423,0.00491,0.34503,0.34906,0.34952,0.36432,0.00872,0.36716,0.37241,0.37465,58.02849,2,0,0,0,0,0.34386,0.34406,0.34645,0.34795,0.3886,0.3892,0.40072,0.40679,0.00134,0.00141,0.00145,0.00148,0.004,0.00464,0.00439,0.00424,NA
2010-08-27,2010,239,33,thompsonfarm2N_2010_08_27_120100.jpg,153.7894,128.09806,93.38093,0.34135,0.40981,138.061,17.93617,118.92829,12.9051,89.33723,6.58924,0.34329,0.0036,0.34363,0.34539,0.34684,0.39762,0.01263,0.39877,0.40772,0.41008,57.0043,2,0,0,0,0,0.34341,0.3437,0.3458,0.34725,0.38873,0.38935,0.40068,0.40699,0.00134,0.00141,0.00145,0.00148,0.00403,0.00467,0.00443,0.00429,NA
2010-08-30,2010,242,33,thompsonfarm2N_2010_08_30_120200.jpg,148.27,127.37483,93.40175,0.34515,0.40177,137.339,19.42853,117.05603,14.42516,86.81815,7.19397,0.34288,0.00359,0.34282,0.3443,0.34694,0.40134,0.01164,0.40193,0.40909,0.41434,55.93157,2,0,0,0,0,0.34296,0.34318,0.34512,0.34663,0.3891,0.38972,0.40089,0.40735,0.00128,0.00135,0.00139,0.00142,0.004,0.00464,0.00439,0.00424,NA
2010-09-02,2010,245,33,thompsonfarm2N_2010_09_02_120100.jpg,149.8337,126.40844,91.99222,0.34328,0.4069,132.3052,19.16562,114.02686,14.68122,85.89028,8.86525,0.34301,0.00291,0.34304,0.34451,0.3463,0.39741,0.014,0.39787,0.40742,0.4129,54.83512,2,0,0,0,0,0.34256,0.34268,0.34449,0.34612,0.38959,0.39024,0.4012,0.40782,0.00134,0.00141,0.00145,0.00148,0.00394,0.00458,0.00433,0.00416,NA
2010-09-05,2010,248,33,thompsonfarm2N_2010_09_05_120100.jpg,161.0377,137.7836,102.62521,0.34322,0.40114,139.6691,18.67126,120.35998,13.24438,93.05021,8.62689,0.34085,0.0026,0.34138,0.34197,0.34316,0.39464,0.01526,0.39552,0.40653,0.40958,53.71748,2,0,0,0,0,0.34247,0.34248,0.3442,0.34607,0.39018,0.39084,0.40159,0.40838,0.00134,0.00141,0.00145,0.00148,0.00392,0.00456,0.0043,0.00412,NA
2010-09-08,2010,251,33,thompsonfarm2N_2010_09_08_120200.jpg,140.2779,121.64096,94.2856,0.34149,0.39381,136.218,15.42486,119.83887,9.96276,93.91112,5.95071,0.34243,0.00326,0.34198,0.34508,0.34593,0.38838,0.01617,0.38491,0.40396,0.41265,52.58134,2,0,0,0,0,0.34275,0.34275,0.34458,0.3465,0.3908,0.39147,0.40202,0.40902,0.00128,0.00135,0.00139,0.00142,0.00394,0.00458,0.00433,0.00416,NA
2010-09-11,2010,254,32,thompsonfarm2N_2010_09_11_120100.jpg,152.0866,131.52645,96.82678,0.34572,0.39977,135.5081,13.35036,119.53371,10.05483,92.65221,7.05743,0.34367,0.00399,0.34352,0.34611,0.34856,0.3894,0.01509,0.38915,0.40033,0.41148,51.42945,2,0,0,0,0,0.34307,0.34308,0.34509,0.34702,0.39141,0.39207,0.40247,0.4097,0.00134,0.00141,0.00145,0.00148,0.004,0.00464,0.00439,0.00424,NA
2010-09-14,2010,257,30,thompsonfarm2N_2010_09_14_120100.jpg,136.2552,121.43855,95.21067,0.34411,0.3861,136.4912,14.37672,121.27178,9.56434,95.14836,6.61393,0.34359,0.00341,0.34345,0.34538,0.34908,0.38616,0.01653,0.38184,0.39615,0.41142,50.26458,2,0,0,0,0,0.34335,0.34339,0.34562,0.34746,0.39196,0.39257,0.40292,0.41042,0.00134,0.00141,0.00145,0.00148,0.00403,0.00467,0.00443,0.00429,NA
2010-09-17,2010,260,30,thompsonfarm2N_2010_09_17_120100.jpg,138.2327,120.60881,92.0829,0.34369,0.39391,134.4075,12.63955,120.23811,9.39941,94.65953,5.91082,0.3441,0.00338,0.34513,0.34656,0.34769,0.38437,0.01252,0.38504,0.39024,0.39869,49.08948,2,0,0,0,0,0.34321,0.34339,0.3458,0.34754,0.3926,0.39311,0.40351,0.41139,0.00128,0.00135,0.00139,0.00142,0.004,0.00464,0.00439,0.00424,NA
2010-09-20,2010,263,30,thompsonfarm2N_2010_09_20_120100.jpg,137.8313,122.02755,99.10658,0.33994,0.38397,138.776,15.55276,119.17485,11.64811,89.93849,7.99628,0.34247,0.00324,0.34236,0.34538,0.34646,0.39846,0.01382,0.39658,0.40565,0.41803,47.9069,2,0,0,0,0,0.34295,0.34328,0.34586,0.34749,0.39345,0.39382,0.40437,0.41271,0.00134,0.00141,0.00145,0.00148,0.00394,0.00458,0.00433,0.00416,NA
2010-09-23,2010,266,30,thompsonfarm2N_2010_09_23_120200.jpg,157.9034,128.96715,91.99057,0.34041,0.41678,144.1292,15.77534,123.46114,9.40642,91.5494,4.42433,0.34379,0.00281,0.34361,0.34673,0.34745,0.40042,0.01579,0.40442,0.41492,0.41918,46.71949,2,0,0,0,0,0.34238,0.34288,0.34564,0.34704,0.39441,0.39463,0.40536,0.41423,0.00134,0.00141,0.00145,0.00148,0.00392,0.00456,0.0043,0.00412,NA
2010-09-26,2010,269,30,thompsonfarm2N_2010_09_26_120100.jpg,131.5793,120.20716,97.08053,0.34456,0.37716,133.2801,15.60002,117.17373,8.77901,94.1444,6.52282,0.33996,0.00416,0.34064,0.34292,0.3449,0.38587,0.02206,0.37975,0.40242,0.42022,45.52994,2,0,0,0,0,0.34195,0.34243,0.34542,0.34678,0.39537,0.39543,0.40636,0.41574,0.00128,0.00135,0.00139,0.00142,0.00394,0.00458,0.00433,0.00416,NA
2010-09-29,2010,272,30,thompsonfarm2N_2010_09_29_120200.jpg,175.1821,144.39459,103.58016,0.34123,0.41399,129.3022,18.21266,115.2561,13.09541,93.64052,7.94357,0.34048,0.0067,0.34187,0.34573,0.34728,0.3814,0.02022,0.37916,0.38853,0.41418,44.31067,2,0,0,0,0,0.34145,0.34186,0.34504,0.34641,0.39623,0.39615,0.40725,0.41709,0.00134,0.00141,0.00145,0.00148,0.004,0.00464,0.00439,0.00424,NA
2010-10-02,2010,275,30,thompsonfarm2N_2010_10_02_120100.jpg,157.7879,131.57961,96.10654,0.34134,0.40933,137.2679,15.50617,119.92894,9.09026,93.79551,4.65419,0.34169,0.00405,0.34206,0.34555,0.34619,0.39016,0.01855,0.39373,0.39953,0.40999,43.1555,2,0,0,0,0,0.34109,0.34139,0.34459,0.3462,0.39688,0.3967,0.40791,0.4181,0.00134,0.00141,0.00145,0.00148,0.00403,0.00467,0.00443,0.00429,NA
2010-10-05,2010,278,29,thompsonfarm2N_2010_10_05_120200.jpg,137.7822,123.88871,96.54085,0.34585,0.38464,134.2364,12.08813,120.52517,7.51622,98.12605,3.8041,0.34143,0.00334,0.34105,0.34341,0.34603,0.37979,0.0152,0.37845,0.39293,0.40145,41.94534,2,0,0,0,0,0.34055,0.34071,0.34372,0.34546,0.39748,0.39722,0.40855,0.41893,0.00128,0.00135,0.00139,0.00142,0.004,0.00464,0.00439,0.00424,NA
2010-10-08,2010,281,29,thompsonfarm2N_2010_10_08_120200.jpg,160.857,136.81651,102.04454,0.34228,0.40243,149.3383,16.32316,125.55101,11.54565,94.86448,7.01944,0.33939,0.00376,0.33915,0.34228,0.34407,0.40325,0.0158,0.40332,0.41541,0.42224,40.81623,2,0,0,0,0,0.33979,0.3398,0.34257,0.34438,0.39821,0.39788,0.40939,0.41983,0.00134,0.00141,0.00145,0.00148,0.00395,0.00458,0.00433,0.00416,NA
2010-10-11,2010,284,30,thompsonfarm2N_2010_10_11_120200.jpg,157.0252,134.44644,98.82415,0.34447,0.40232,149.3056,14.52688,124.92698,10.42551,92.91485,6.63192,0.34015,0.00319,0.3399,0.34246,0.34409,0.40624,0.01436,0.4056,0.41582,0.42163,39.67943,2,0,0,0,0,0.33835,0.33822,0.34066,0.34242,0.39899,0.39859,0.41031,0.42073,0.00134,0.00141,0.00145,0.00148,0.00393,0.00455,0.00431,0.00412,NA
2010-10-14,2010,287,26,thompsonfarm2N_2010_10_14_120200.jpg,166.2778,131.11505,91.09949,0.3375,0.42801,144.2662,16.86026,119.34039,10.80065,91.78826,7.54557,0.3357,0.00342,0.33599,0.33843,0.3403,0.40513,0.01876,0.40802,0.41878,0.4258,38.47788,2,0,0,0,0,0.3364,0.33638,0.33855,0.34014,0.39975,0.39929,0.4112,0.42157,0.00128,0.00135,0.00139,0.00142,0.00396,0.00458,0.00435,0.00416,NA
2010-10-17,2010,290,25,thompsonfarm2N_2010_10_17_120100.jpg,166.5081,130.51019,91.54954,0.33587,0.42852,157.8069,15.75648,125.52546,10.37789,91.77774,5.54859,0.33458,0.00211,0.3347,0.33587,0.33727,0.42012,0.01211,0.42308,0.42741,0.43301,37.50062,2,0,0,0,0,0.33442,0.33453,0.33649,0.33789,0.4004,0.3999,0.41196,0.42227,0.00134,0.00141,0.00145,0.00148,0.00402,0.00463,0.00442,0.00424,NA
2010-10-20,2010,293,24,thompsonfarm2N_2010_10_20_120200.jpg,163.8301,125.65228,89.13219,0.33187,0.43271,154.9291,17.13087,123.10284,10.02018,92.18402,5.89558,0.33241,0.00252,0.33242,0.33414,0.33535,0.41762,0.01959,0.42649,0.43199,0.43444,36.48496,2,0,0,0,0,0.33284,0.33303,0.33496,0.33623,0.40087,0.40035,0.41248,0.42279,0.00134,0.00141,0.00145,0.00148,0.00406,0.00466,0.00446,0.00429,NA
2010-10-23,2010,296,24,thompsonfarm2N_2010_10_23_120100.jpg,170.83,132.15086,98.11527,0.32947,0.42591,149.6726,13.96303,119.99981,8.27607,94.78256,4.65222,0.32921,0.00295,0.32916,0.33151,0.33241,0.4101,0.01423,0.41056,0.42345,0.42915,35.43464,2,0,0,0,0,0.33158,0.33178,0.33375,0.33498,0.40122,0.40066,0.4128,0.42313,0.00128,0.00135,0.00139,0.00142,0.00403,0.00463,0.00442,0.00425,NA
2010-10-26,2010,299,24,thompsonfarm2N_2010_10_26_120100.jpg,162.4163,123.65469,101.53544,0.31902,0.41902,141.7744,14.99676,116.35347,7.79062,92.90784,4.97588,0.33152,0.00466,0.33308,0.33481,0.33539,0.40307,0.0176,0.39803,0.41454,0.42312,34.35793,2,0,0,0,0,0.33056,0.33076,0.33281,0.33401,0.40153,0.40095,0.41307,0.42338,0.00134,0.00141,0.00145,0.00148,0.00396,0.00456,0.00435,0.00416,NA
2010-10-29,2010,302,24,thompsonfarm2N_2010_10_29_120100.jpg,145.8011,121.86262,100.83142,0.3307,0.39567,151.403,12.53726,123.85949,7.95435,97.96366,5.71188,0.3318,0.00277,0.33096,0.33365,0.33589,0.40528,0.01462,0.40262,0.4149,0.42559,33.40231,2,0,0,0,0,0.32999,0.33027,0.33237,0.33352,0.4018,0.40119,0.41329,0.42355,0.00134,0.00141,0.00145,0.00148,0.00394,0.00447,0.00432,0.00413,NA
2010-11-01,2010,305,24,thompsonfarm2N_2010_11_01_120200.jpg,158.8159,131.29587,101.74677,0.33506,0.40529,155.2565,15.65617,125.65023,9.76657,99.3007,5.31046,0.33037,0.00239,0.33003,0.33226,0.33373,0.40764,0.01595,0.41088,0.41954,0.42451,32.38041,2,0,0,0,0,0.32986,0.33015,0.33221,0.33342,0.40203,0.4014,0.41347,0.42364,0.00128,0.00135,0.00139,0.00142,0.00396,0.00439,0.00435,0.00418,NA
2010-11-04,2010,308,24,thompsonfarm2N_2010_11_04_120200.jpg,117.1517,102.87282,94.76971,0.32679,0.37215,136.0903,20.63448,114.91459,11.80239,99.68474,4.87878,0.32746,0.00406,0.32847,0.33027,0.33121,0.38622,0.02278,0.37805,0.40052,0.4254,31.45914,1,0,0,0,0,0.32991,0.33019,0.3322,0.33349,0.40222,0.40158,0.4136,0.42366,0.00134,0.00141,0.00145,0.00148,0.00402,0.00435,0.00442,0.00427,NA
2010-11-07,2010,311,24,thompsonfarm2N_2010_11_07_120200.jpg,146.9079,121.75502,101.51502,0.32891,0.39686,141.5379,12.64451,119.88961,8.45098,102.50274,4.12544,0.32925,0.00383,0.3298,0.3317,0.33204,0.3883,0.014,0.39125,0.39717,0.40186,30.5258,2,0,0,0,0,0.33001,0.33018,0.33216,0.33351,0.40237,0.40172,0.41371,0.42362,0.00134,0.00141,0.00145,0.00148,0.00406,0.00435,0.00445,0.00432,NA
2010-11-10,2010,314,22,thompsonfarm2N_2010_11_10_130300.jpg,158.1489,124.9384,96.38999,0.32924,0.41675,146.5459,13.01686,121.74728,6.2692,99.32335,5.37984,0.33115,0.00295,0.33154,0.33277,0.33475,0.39805,0.0193,0.39987,0.41367,0.42193,29.67524,2,0,0,0,0,0.33005,0.33014,0.3321,0.33347,0.40236,0.40183,0.41361,0.42331,0.00128,0.00135,0.00139,0.00142,0.00403,0.00439,0.00442,0.00427,NA
2010-11-13,2010,317,24,thompsonfarm2N_2010_11_13_120100.jpg,155.8784,121.33303,90.49627,0.32997,0.42392,154.8641,14.11282,123.44219,7.78193,94.48507,4.88752,0.33113,0.00273,0.33063,0.33335,0.33486,0.41482,0.01514,0.41713,0.42573,0.43227,28.84233,2,0,0,0,0,0.32999,0.33,0.33196,0.33335,0.40215,0.40191,0.41327,0.42265,0.00134,0.00141,0.00145,0.00148,0.00398,0.00447,0.00437,0.00421,NA
2010-11-16,2010,320,24,thompsonfarm2N_2010_11_16_120200.jpg,135.3899,112.81001,96.69828,0.32708,0.39255,138.5936,15.79053,117.63568,9.06758,100.33325,4.4318,0.32979,0.00304,0.32914,0.33096,0.33311,0.38765,0.01824,0.38241,0.39821,0.41413,28.05283,2,0,0,0,0,0.32971,0.32958,0.33155,0.3331,0.40185,0.40195,0.41281,0.42184,0.00134,0.00141,0.00145,0.00148,0.00398,0.00456,0.00437,0.00421,NA
2010-11-19,2010,323,23,thompsonfarm2N_2010_11_19_120200.jpg,169.8004,131.11852,99.12499,0.32776,0.42445,158.7299,18.00104,127.07526,11.10611,100.04824,6.03224,0.32922,0.00291,0.32911,0.3317,0.3326,0.41047,0.01601,0.41555,0.42476,0.42733,27.28655,2,0,0,0,0,0.32911,0.32894,0.3309,0.33244,0.40156,0.40197,0.41238,0.4211,0.00128,0.00135,0.00139,0.00142,0.00403,0.00463,0.00442,0.00428,NA
2010-11-22,2010,326,24,thompsonfarm2N_2010_11_22_120300.jpg,143.0771,124.50354,107.80329,0.33167,0.38115,140.089,14.5146,117.60104,7.67491,100.54336,5.33485,0.32829,0.0023,0.32865,0.33025,0.33089,0.39029,0.01832,0.38467,0.39569,0.42147,26.59178,2,0,0,0,0,0.32831,0.32812,0.33007,0.33157,0.40138,0.40196,0.41212,0.42062,0.00134,0.00141,0.00145,0.00148,0.00406,0.00466,0.00446,0.00433,NA
2010-11-25,2010,329,20,thompsonfarm2N_2010_11_25_120100.jpg,148.9135,117.00895,95.83168,0.32345,0.41164,148.8125,13.96801,119.75552,8.23064,99.384,6.08055,0.32536,0.0026,0.32478,0.3261,0.32947,0.40388,0.01777,0.40922,0.41673,0.42147,25.97207,2,0,0,0,0,0.32727,0.3271,0.32905,0.33037,0.40118,0.40181,0.41187,0.42028,0.00128,0.00135,0.00139,0.00142,0.00402,0.00463,0.00442,0.00428,NA
2010-11-28,2010,332,18,thompsonfarm2N_2010_11_28_120100.jpg,143.6111,119.1304,98.90241,0.32941,0.39711,151.7803,16.46663,121.15724,9.58712,98.13208,4.4273,0.32647,0.0024,0.32657,0.32881,0.32935,0.40816,0.0152,0.40923,0.42152,0.42626,25.37298,2,0,0,0,0,0.32611,0.32597,0.32791,0.32911,0.40083,0.40147,0.41142,0.41987,0.00134,0.00141,0.00145,0.00148,0.00396,0.00458,0.00435,0.00419,NA
2010-12-01,2010,335,18,thompsonfarm2N_2010_12_01_120200.jpg,133.5634,118.52751,105.34918,0.3316,0.37367,145.1373,13.42116,119.19117,6.04117,99.54105,4.28563,0.32757,0.00253,0.32736,0.32986,0.33084,0.39821,0.01938,0.39589,0.41306,0.42415,24.86722,2,0,0,0,0,0.32494,0.32469,0.32673,0.32794,0.40038,0.40101,0.41087,0.41942,0.00134,0.00141,0.00145,0.00148,0.00393,0.00456,0.00431,0.00414,NA
2010-12-04,2010,338,20,thompsonfarm2N_2010_12_04_114500.jpg,135.9697,110.42729,95.86982,0.32264,0.39726,141.9573,4.32852,116.62834,2.36711,102.48743,4.34872,0.32301,0.00153,0.32292,0.32397,0.32452,0.39318,0.00972,0.39546,0.39776,0.40304,24.71373,2,0,0,0,0,0.32377,0.32342,0.3255,0.32702,0.39992,0.40053,0.41032,0.41898,0.00128,0.00135,0.00139,0.00142,0.00395,0.0046,0.00434,0.00418,NA
2010-12-07,2010,341,18,thompsonfarm2N_2010_12_07_120100.jpg,157.6039,120.57117,96.87556,0.32148,0.42022,152.8143,11.85675,120.34941,7.6905,100.96046,3.5738,0.32156,0.00313,0.32054,0.32407,0.32633,0.40806,0.01056,0.40698,0.41363,0.42162,24.09505,2,0,0,0,0,0.32268,0.3222,0.32436,0.32623,0.39951,0.40012,0.40985,0.41859,0.00134,0.00141,0.00145,0.00148,0.00401,0.00465,0.0044,0.00426,NA
2010-12-10,2010,344,17,thompsonfarm2N_2010_12_10_120200.jpg,140.195,114.57684,102.49061,0.32071,0.39241,145.9618,11.39805,116.87887,6.45279,101.10329,4.01837,0.3211,0.00258,0.32071,0.32228,0.32442,0.40062,0.01383,0.39933,0.4092,0.41783,23.8068,2,0,0,0,0,0.32174,0.32121,0.32344,0.32573,0.39922,0.39984,0.40957,0.4183,0.00134,0.00141,0.00145,0.00148,0.00404,0.00468,0.00443,0.0043,NA
2010-12-13,2010,347,18,thompsonfarm2N_2010_12_13_120200.jpg,146.4957,122.81359,110.20826,0.3236,0.386,139.1228,18.03993,115.41698,10.59526,104.14091,4.35161,0.32167,0.00306,0.321,0.32364,0.32581,0.38654,0.01752,0.38265,0.39456,0.41168,23.60444,2,0,0,0,0,0.3209,0.32032,0.32272,0.32532,0.39902,0.39965,0.40946,0.41807,0.00129,0.00135,0.00139,0.00143,0.00402,0.00465,0.00441,0.00425,NA
2010-12-16,2010,350,18,thompsonfarm2N_2010_12_16_120200.jpg,159.5783,122.27209,101.43507,0.31901,0.41634,149.045,11.2913,118.00891,6.3338,102.90633,4.59367,0.31887,0.00374,0.31859,0.31959,0.32511,0.40244,0.01472,0.40691,0.41242,0.4168,23.4494,2,0,0,0,0,0.32018,0.31958,0.32211,0.32496,0.39883,0.39943,0.40942,0.41784,0.00137,0.00143,0.00148,0.00151,0.00399,0.00462,0.00438,0.00417,NA
2010-12-19,2010,353,14,thompsonfarm2N_2010_12_19_130100.jpg,147.2898,114.88082,97.17497,0.31969,0.40988,146.6815,10.94685,118.27163,6.45245,101.74039,5.52857,0.32243,0.00347,0.32157,0.32538,0.32699,0.39972,0.01672,0.40262,0.41325,0.41927,23.36252,2,0,0,0,0,0.31957,0.31903,0.32156,0.32427,0.39865,0.3992,0.40943,0.41761,0.00138,0.00144,0.00148,0.00152,0.004,0.00462,0.00439,0.00414,NA
2010-12-22,2010,356,18,thompsonfarm2N_2010_12_22_120100.jpg,118.9061,98.29821,95.45948,0.31439,0.3803,136.543,13.66757,109.77963,9.45638,98.464,9.63132,0.31836,0.00432,0.31845,0.32083,0.32202,0.39568,0.01482,0.39287,0.40743,0.41476,23.35523,5,0,0,0,0,0.31929,0.31887,0.32109,0.32358,0.39849,0.39898,0.40947,0.41742,0.0013,0.00137,0.00141,0.00144,0.00405,0.00465,0.00444,0.00418,NA
2010-12-25,2010,359,18,thompsonfarm2N_2010_12_25_120100.jpg,141.4642,112.27998,99.42448,0.31792,0.40056,143.422,10.12148,113.89056,6.23406,100.04223,3.08592,0.31859,0.00316,0.31726,0.32019,0.32354,0.40097,0.01101,0.39896,0.4083,0.41331,23.46584,4,0,0,0,0,0.31914,0.31888,0.32075,0.32298,0.39837,0.39878,0.40952,0.41728,0.00135,0.00142,0.00146,0.0015,0.00411,0.0047,0.00452,0.00427,NA
2010-12-28,2010,362,19,thompsonfarm2N_2010_12_28_120200.jpg,132.5435,103.09233,89.52758,0.31705,0.40762,132.6356,15.75913,105.08917,8.66227,94.30743,4.56437,0.31634,0.00295,0.31686,0.31783,0.31932,0.3983,0.01996,0.39651,0.41486,0.42431,23.61766,4,0,0,0,0,0.31941,0.31934,0.32083,0.32286,0.39827,0.39863,0.40955,0.4172,0.00134,0.0014,0.00144,0.00148,0.00413,0.00471,0.00454,0.00431,NA
2010-12-31,2010,365,21,thompsonfarm2N_2010_12_31_120100.jpg,125.8616,103.99481,94.90581,0.32022,0.38755,138.3515,11.60751,108.09742,6.60472,90.77096,3.97467,0.32054,0.00261,0.32072,0.32117,0.32226,0.40977,0.01258,0.414,0.41884,0.42438,23.86196,4,0,0,0,0,0.31959,0.31962,0.32099,0.32317,0.39818,0.39848,0.40962,0.41719,0.00129,0.00135,0.00139,0.00143,0.00407,0.00465,0.00447,0.00428,NA
2011-01-02,2011,2,11,thompsonfarm2N_2011_01_02_120100.jpg,118.3878,97.57198,88.29872,0.32069,0.3891,128.7967,17.27296,104.9781,11.54635,92.51854,6.16273,0.32149,0.00279,0.32106,0.32189,0.32649,0.39366,0.01558,0.39079,0.4047,0.41607,23.95413,4,0,0,0,0,0.31958,0.31964,0.321,0.32329,0.39812,0.39838,0.4097,0.41723,0.00133,0.00139,0.00143,0.00147,0.00401,0.00459,0.0044,0.00425,NA
2011-01-05,2011,5,21,thompsonfarm2N_2011_01_05_120400.jpg,154.2344,114.81202,90.82981,0.31903,0.42858,143.5389,8.88762,114.25026,5.9796,98.37767,4.72859,0.32068,0.00355,0.32197,0.32327,0.32365,0.40284,0.01233,0.40326,0.41243,0.41784,24.38644,4,0,0,0,0,0.31933,0.31934,0.32098,0.32344,0.39802,0.39822,0.40987,0.41733,0.00134,0.0014,0.00144,0.00148,0.00394,0.00454,0.00433,0.00423,NA
2011-01-08,2011,8,21,thompsonfarm2N_2011_01_08_120100.jpg,133.8073,106.8707,95.78462,0.31763,0.39769,143.0525,12.69086,112.37959,7.66032,97.53068,3.78907,0.31825,0.00325,0.31724,0.3203,0.32332,0.40471,0.0139,0.40601,0.41472,0.4245,24.80261,4,0,0,0,0,0.31822,0.31812,0.32019,0.32256,0.39793,0.39808,0.41005,0.41747,0.00129,0.00135,0.00139,0.00142,0.00394,0.00456,0.00433,0.00428,NA
2011-01-11,2011,11,21,thompsonfarm2N_2011_01_11_120200.jpg,142.5132,114.397,97.99825,0.32233,0.40155,132.7036,17.95926,106.69796,10.85417,98.41993,7.14549,0.31554,0.00491,0.31514,0.31919,0.32231,0.39146,0.02215,0.40155,0.40703,0.41018,25.27204,4,0,0,0,0,0.31686,0.31662,0.31917,0.32136,0.39786,0.39796,0.4102,0.41764,0.00137,0.00144,0.00148,0.00152,0.004,0.00463,0.00439,0.00436,NA
2011-01-14,2011,14,21,thompsonfarm2N_2011_01_14_120200.jpg,128.6952,102.34202,93.50314,0.31534,0.39655,140.4244,15.98934,109.07384,9.91972,96.03207,3.46159,0.31548,0.00258,0.31512,0.31625,0.31831,0.40544,0.0133,0.40458,0.41728,0.42123,25.80237,5,0,0,0,0,0.31498,0.31457,0.31747,0.31937,0.39783,0.39789,0.41028,0.4178,0.00138,0.00144,0.00148,0.00152,0.00404,0.00469,0.00443,0.00437,NA
2011-01-17,2011,17,21,thompsonfarm2N_2011_01_17_120100.jpg,142.0448,109.62163,99.58381,0.31209,0.4044,141.7328,21.50201,111.60234,11.65587,102.37839,9.2277,0.31346,0.00412,0.31275,0.31655,0.31789,0.39676,0.02933,0.40561,0.41624,0.42949,26.38561,4,0,0,0,0,0.31371,0.31313,0.31621,0.31783,0.39781,0.39779,0.41028,0.41798,0.00131,0.00137,0.00141,0.00145,0.00403,0.0047,0.00442,0.00429,NA
2011-01-20,2011,20,21,thompsonfarm2N_2011_01_20_120200.jpg,162.2061,130.81757,129.16233,0.30986,0.38421,136.1314,20.41036,111.50157,14.54608,110.02136,15.21104,0.31187,0.00354,0.31166,0.31447,0.31481,0.38023,0.0159,0.38109,0.38421,0.39493,27.03222,5,0,0,0,0,0.31272,0.31202,0.31514,0.31651,0.39777,0.39762,0.41025,0.41817,0.00138,0.00144,0.00148,0.00152,0.00402,0.00471,0.00442,0.0042,NA
2011-01-23,2011,23,18,thompsonfarm2N_2011_01_23_120300.jpg,138.4233,106.23347,92.92053,0.31469,0.41005,145.9212,18.52864,113.00852,11.98932,101.6305,7.27189,0.31331,0.00165,0.31326,0.31459,0.31571,0.40378,0.01243,0.40351,0.41279,0.41722,27.48804,5,0,0,0,0,0.31248,0.31174,0.31474,0.31601,0.39773,0.39744,0.41021,0.41838,0.00134,0.00141,0.00145,0.00148,0.00407,0.00476,0.00447,0.0042,NA
2011-01-26,2011,26,21,thompsonfarm2N_2011_01_26_120200.jpg,139.0366,116.26478,122.24443,0.30795,0.36826,141.0485,15.4061,114.98093,8.01625,114.34699,11.84952,0.31041,0.00436,0.30775,0.31457,0.3171,0.38035,0.02574,0.36826,0.40625,0.42015,28.48649,5,0,0,0,0,0.31263,0.31192,0.3147,0.31612,0.39771,0.39727,0.41018,0.4186,0.00128,0.00135,0.00139,0.00142,0.00417,0.00486,0.00458,0.00432,NA
2011-01-29,2011,29,21,thompsonfarm2N_2011_01_29_120300.jpg,156.0599,116.72583,97.14889,0.31553,0.42186,134.5223,11.99079,104.17547,7.08439,91.08495,3.58341,0.31585,0.00132,0.31605,0.3167,0.3173,0.40731,0.01079,0.41348,0.41551,0.42017,29.29273,5,0,0,0,0,0.31303,0.31238,0.3149,0.31649,0.39774,0.39718,0.41019,0.41882,0.00134,0.00141,0.00145,0.00148,0.00429,0.00496,0.00471,0.00448,NA
2011-02-01,2011,32,21,thompsonfarm2N_2011_02_01_120100.jpg,111.2788,97.05539,105.47782,0.30928,0.3546,125.0371,19.75329,102.46747,11.42882,101.15954,7.82121,0.31161,0.00252,0.31152,0.31285,0.31501,0.37885,0.02281,0.37293,0.40211,0.40657,30.14141,5,0,0,0,0,0.31351,0.31308,0.31514,0.31682,0.39783,0.3972,0.41028,0.41903,0.00134,0.00141,0.00145,0.00148,0.00437,0.00503,0.00479,0.0046,NA
2011-02-04,2011,35,21,thompsonfarm2N_2011_02_04_120100.jpg,150.2996,113.43204,95.31973,0.31592,0.4186,140.1791,23.15998,108.95793,14.2454,95.89602,5.9918,0.31558,0.00229,0.31472,0.31719,0.31906,0.40434,0.01608,0.40134,0.4186,0.4303,31.03357,5,0,0,0,0,0.31397,0.31391,0.31546,0.31704,0.39801,0.39736,0.41038,0.41921,0.00134,0.0014,0.00144,0.00148,0.00437,0.00503,0.0048,0.00462,NA
2011-02-07,2011,38,24,thompsonfarm2N_2011_02_07_120100.jpg,151.9122,113.89083,94.45915,0.31613,0.42167,140.8986,19.70156,110.74537,13.18935,100.20649,14.61477,0.31481,0.00377,0.3157,0.31625,0.31807,0.40008,0.02065,0.39829,0.41455,0.42742,31.96614,4,0,0,0,0,0.31457,0.31483,0.31602,0.31745,0.39825,0.3976,0.41045,0.41938,0.0014,0.00147,0.00151,0.00155,0.00437,0.00503,0.0048,0.00464,NA
2011-02-10,2011,41,26,thompsonfarm2N_2011_02_10_120100.jpg,153.5989,117.52397,102.85926,0.31425,0.41071,148.6661,16.02005,113.98237,9.27862,99.70281,4.64825,0.31443,0.00208,0.3143,0.31625,0.31699,0.40941,0.01592,0.40716,0.42129,0.4261,32.93598,4,0,0,0,0,0.31523,0.31568,0.31685,0.31807,0.39855,0.3979,0.41052,0.41955,0.00142,0.00149,0.00153,0.00157,0.00442,0.00506,0.00485,0.00471,NA
2011-02-13,2011,44,27,thompsonfarm2N_2011_02_13_120100.jpg,126.5149,101.05075,93.88645,0.31436,0.39357,130.2288,13.66759,103.24814,7.76542,94.06219,4.88608,0.31511,0.00264,0.31588,0.31695,0.31734,0.39687,0.01628,0.39703,0.40525,0.40995,33.93687,4,0,0,0,0,0.3161,0.31641,0.31811,0.31912,0.39887,0.39822,0.41061,0.41976,0.00139,0.00146,0.0015,0.00153,0.00452,0.00515,0.00496,0.00486,NA
2011-02-16,2011,47,25,thompsonfarm2N_2011_02_16_120100.jpg,145.1409,116.7357,99.04768,0.32344,0.40214,140.0227,15.18552,108.89923,9.69547,93.50379,6.04523,0.31791,0.00358,0.31887,0.32043,0.32168,0.4082,0.01326,0.40578,0.41684,0.42344,34.97488,4,0,0,0,0,0.31732,0.31715,0.31985,0.32073,0.39918,0.39852,0.41075,0.42003,0.00159,0.00166,0.00171,0.00175,0.00463,0.00525,0.00509,0.00503,NA
2011-02-19,2011,50,15,thompsonfarm2N_2011_02_19_120100.jpg,129.8713,103.86825,94.56522,0.31638,0.39558,132.2756,14.25056,104.08712,8.12867,89.71016,4.72124,0.31915,0.00328,0.3172,0.32236,0.32333,0.40488,0.01565,0.39853,0.40701,0.42651,35.68059,4,0,0,0,0,0.3182,0.31777,0.32098,0.32179,0.39948,0.39876,0.41096,0.4204,0.0019,0.00199,0.00205,0.0021,0.0047,0.00531,0.00516,0.00512,NA
2011-02-22,2011,53,0,None,NA,NA,NA,NA,NA,NA,NA,NA,NA,NA,NA,NA,NA,NA,NA,NA,NA,NA,NA,NA,NA,NA,NA,0,0,0,0,0.31936,0.31842,0.32239,0.32331,0.40001,0.39924,0.41143,0.42106,0.02,0.02,0.02,0.02,0.02,0.02,0.02,0.02,1
2011-02-25,2011,56,0,None,NA,NA,NA,NA,NA,NA,NA,NA,NA,NA,NA,NA,NA,NA,NA,NA,NA,NA,NA,NA,NA,NA,NA,0,0,0,0,0.32027,0.31891,0.32345,0.32451,0.40092,0.40011,0.41223,0.42206,0.02,0.02,0.02,0.02,0.02,0.02,0.02,0.02,1
2011-02-28,2011,59,0,None,NA,NA,NA,NA,NA,NA,NA,NA,NA,NA,NA,NA,NA,NA,NA,NA,NA,NA,NA,NA,NA,NA,NA,0,0,0,0,0.31959,0.31818,0.32231,0.32334,0.40201,0.40117,0.4132,0.42323,0.02,0.02,0.02,0.02,0.02,0.02,0.02,0.02,1
2011-03-03,2011,62,0,None,NA,NA,NA,NA,NA,NA,NA,NA,NA,NA,NA,NA,NA,NA,NA,NA,NA,NA,NA,NA,NA,NA,NA,0,0,0,0,0.31841,0.31742,0.32063,0.32168,0.40307,0.40221,0.41415,0.42439,0.02,0.02,0.02,0.02,0.02,0.02,0.02,0.02,1
2011-03-06,2011,65,0,None,NA,NA,NA,NA,NA,NA,NA,NA,NA,NA,NA,NA,NA,NA,NA,NA,NA,NA,NA,NA,NA,NA,NA,0,0,0,0,0.31729,0.3168,0.31905,0.32013,0.40392,0.40302,0.41491,0.42534,0.02,0.02,0.02,0.02,0.02,0.02,0.02,0.02,1
2011-03-09,2011,68,27,thompsonfarm2N_2011_03_09_120100.jpg,138.0886,112.29057,98.04936,0.32228,0.39632,127.9822,12.34723,103.35095,6.96038,92.52289,3.57682,0.31904,0.00218,0.31868,0.32098,0.32195,0.39448,0.0151,0.39109,0.40074,0.41445,42.83248,1,0,0,0,0,0.3177,0.31751,0.31956,0.32068,0.40434,0.40339,0.41531,0.42592,0.0019,0.00199,0.00205,0.0021,0.00469,0.0053,0.00515,0.00508,NA
2011-03-12,2011,71,28,thompsonfarm2N_2011_03_12_120100.jpg,140.2729,109.64432,94.78736,0.31808,0.40694,125.196,14.10523,101.57253,7.62822,95.03267,7.59092,0.31557,0.00295,0.31619,0.31722,0.31848,0.38833,0.02146,0.39219,0.40199,0.40719,44.00447,1,0,0,0,0,0.31812,0.31815,0.3202,0.32138,0.40454,0.40344,0.41558,0.42636,0.00155,0.00162,0.00167,0.00171,0.00462,0.00526,0.00508,0.00499,NA
2011-03-15,2011,74,30,thompsonfarm2N_2011_03_15_120100.jpg,150.1705,112.75301,91.69054,0.31796,0.42348,129.3001,15.76777,103.52904,9.04478,92.31192,5.86352,0.31828,0.00296,0.31735,0.32092,0.32228,0.39673,0.01982,0.39716,0.40224,0.42407,45.17948,1,0,0,0,0,0.31871,0.31893,0.32111,0.32238,0.40482,0.40346,0.41601,0.42694,0.00142,0.00149,0.00153,0.00157,0.00451,0.00515,0.00495,0.00483,NA
2011-03-18,2011,77,30,thompsonfarm2N_2011_03_18_120200.jpg,153.9733,120.12519,93.83249,0.32649,0.41848,145.5678,14.49175,112.83077,8.30939,92.13229,6.41052,0.32175,0.00296,0.32259,0.3236,0.32515,0.41461,0.01891,0.41498,0.43118,0.43517,46.35468,4,0,0,0,0,0.31936,0.31955,0.3219,0.32332,0.4051,0.40343,0.41647,0.42755,0.00142,0.00149,0.00153,0.00157,0.0044,0.00502,0.00483,0.00468,NA
2011-03-21,2011,80,30,thompsonfarm2N_2011_03_21_120100.jpg,115.7476,98.61321,93.7569,0.32005,0.37566,138.5318,14.21977,109.92087,8.30663,96.29007,9.99629,0.3189,0.00506,0.32021,0.32279,0.32378,0.40138,0.01985,0.40231,0.41356,0.43215,47.5151,4,0,0,0,0,0.31969,0.31989,0.32247,0.32401,0.4053,0.40336,0.41686,0.42807,0.00138,0.00144,0.00149,0.00152,0.00436,0.00489,0.00478,0.00461,NA
2011-03-24,2011,83,32,thompsonfarm2N_2011_03_24_120100.jpg,125.7196,99.16801,86.38287,0.31859,0.40389,137.5882,14.17414,108.30634,9.09884,92.19441,4.83995,0.32019,0.00361,0.31937,0.32309,0.32444,0.40626,0.01314,0.40445,0.41399,0.42537,48.69552,4,0,0,0,0,0.32001,0.32024,0.32301,0.32462,0.40533,0.40324,0.41706,0.42837,0.00136,0.00143,0.00147,0.00151,0.00436,0.00478,0.00479,0.00459,NA
2011-03-27,2011,86,33,thompsonfarm2N_2011_03_27_120100.jpg,151.1099,121.13392,100.70887,0.3248,0.40517,146.7015,16.02021,113.33657,9.42833,93.49251,4.33334,0.32046,0.00354,0.32048,0.32294,0.32572,0.41401,0.01646,0.41305,0.42865,0.43443,49.85593,4,0,0,0,0,0.32018,0.32052,0.32341,0.32495,0.40513,0.40307,0.41698,0.42834,0.00134,0.00141,0.00145,0.00148,0.00435,0.00471,0.00478,0.00458,NA
2011-03-30,2011,89,33,thompsonfarm2N_2011_03_30_120100.jpg,153.4081,115.0987,90.19293,0.32088,0.42768,143.0817,13.55691,110.90423,7.43431,90.26754,3.67578,0.32209,0.00276,0.32212,0.32437,0.32526,0.41489,0.01562,0.41471,0.42952,0.43313,51.00603,4,0,0,0,0,0.32084,0.32123,0.32406,0.32558,0.4046,0.40283,0.4166,0.42805,0.00128,0.00135,0.00139,0.00142,0.00428,0.00469,0.0047,0.00447,NA
2011-04-02,2011,92,33,thompsonfarm2N_2011_04_02_120100.jpg,144.0926,112.69903,92.96417,0.32222,0.41198,138.7467,14.00731,110.35907,8.92928,97.7204,14.52076,0.3183,0.00598,0.31919,0.32305,0.32494,0.40015,0.02409,0.39898,0.42087,0.43256,52.14311,4,0,0,0,0,0.32179,0.32219,0.3249,0.3264,0.40382,0.40253,0.41606,0.42767,0.00134,0.00141,0.00145,0.00148,0.00417,0.0047,0.00458,0.00432,NA
2011-04-05,2011,95,33,thompsonfarm2N_2011_04_05_120100.jpg,124.9374,105.94349,92.07092,0.32805,0.38686,133.0706,15.5009,109.646,9.71643,95.72706,5.91627,0.32379,0.00463,0.32511,0.3276,0.32837,0.39234,0.01786,0.38694,0.39503,0.42374,53.26456,4,0,0,0,0,0.32359,0.32397,0.32645,0.32789,0.40291,0.40217,0.41543,0.42719,0.00134,0.00141,0.00145,0.00148,0.0041,0.00474,0.0045,0.00425,NA
2011-04-08,2011,98,33,thompsonfarm2N_2011_04_08_120100.jpg,149.3231,112.36305,84.78681,0.32431,0.43098,145.7805,14.80132,111.4754,8.2967,86.14125,2.60924,0.32454,0.00266,0.32452,0.32611,0.32673,0.42356,0.01595,0.42749,0.43371,0.43816,54.15113,4,0,0,0,0,0.32553,0.32583,0.32812,0.32949,0.402,0.40174,0.41477,0.42661,0.00128,0.00135,0.00139,0.00142,0.00408,0.00477,0.00448,0.00427,NA
2011-04-11,2011,101,33,thompsonfarm2N_2011_04_11_120100.jpg,142.3279,119.35781,92.89485,0.33662,0.4014,138.0471,11.66646,110.51393,6.74229,85.93001,4.09101,0.33029,0.00358,0.33034,0.33223,0.33521,0.41216,0.01648,0.41807,0.42462,0.43078,55.45048,2,0,0,0,0,0.32758,0.3278,0.32991,0.33121,0.40123,0.40123,0.41417,0.42593,0.00134,0.00141,0.00145,0.00148,0.00407,0.00477,0.00447,0.00432,NA
2011-04-14,2011,104,33,thompsonfarm2N_2011_04_14_120100.jpg,140.0782,108.98502,78.65182,0.33256,0.42744,133.7287,13.44556,109.51349,6.76018,87.55116,7.40705,0.33097,0.00316,0.33058,0.33281,0.33376,0.40367,0.02504,0.41207,0.42567,0.43146,56.48538,2,0,0,0,0,0.32943,0.32965,0.33155,0.33283,0.40038,0.40047,0.41341,0.42488,0.00128,0.00135,0.00139,0.00142,0.00402,0.00471,0.00441,0.00429,NA
2011-04-17,2011,107,33,thompsonfarm2N_2011_04_17_120200.jpg,140.3856,111.94719,86.92826,0.32997,0.4138,132.2418,11.17435,108.2534,6.33207,87.49327,5.15807,0.33,0.00249,0.32997,0.33189,0.33264,0.40273,0.01686,0.39893,0.42085,0.4239,57.54481,2,0,0,0,0,0.33128,0.33151,0.33325,0.33455,0.39924,0.3994,0.41233,0.42334,0.00134,0.00141,0.00145,0.00148,0.00395,0.00462,0.00433,0.00422,NA
2011-04-20,2011,110,33,thompsonfarm2N_2011_04_20_120200.jpg,125.2324,107.29573,88.5481,0.33418,0.39004,126.1172,10.17904,107.49605,6.36617,89.48452,4.58712,0.33263,0.00409,0.33343,0.33545,0.33717,0.39,0.01454,0.38946,0.39759,0.40579,58.52455,2,0,0,0,0,0.3329,0.33324,0.33502,0.3364,0.39793,0.39814,0.41108,0.4215,0.00134,0.00141,0.00145,0.00148,0.00393,0.00457,0.00431,0.00419,NA
2011-04-23,2011,113,33,thompsonfarm2N_2011_04_23_120100.jpg,115.5103,104.91575,93.56076,0.33414,0.36788,127.0861,13.71892,105.07267,7.85611,84.61048,7.16234,0.33159,0.00324,0.33221,0.33365,0.33474,0.40052,0.02267,0.4075,0.41906,0.42508,59.53152,2,0,0,0,0,0.33447,0.33487,0.33677,0.33829,0.3966,0.39685,0.40977,0.41961,0.00128,0.00135,0.00139,0.00142,0.00398,0.0046,0.00437,0.00422,NA
2011-04-26,2011,116,33,thompsonfarm2N_2011_04_26_120100.jpg,124.4905,105.93368,82.0404,0.33903,0.39841,121.1382,9.06387,105.03779,4.94634,84.70125,3.87461,0.33781,0.00411,0.33899,0.33997,0.34128,0.38927,0.01583,0.3847,0.3948,0.41795,60.44837,2,0,0,0,0,0.33593,0.33638,0.33845,0.34011,0.39536,0.39567,0.40857,0.41786,0.00134,0.00141,0.00145,0.00148,0.00408,0.00467,0.00448,0.0043,NA
2011-04-29,2011,119,32,thompsonfarm2N_2011_04_29_120100.jpg,135.9769,109.84044,80.85863,0.33624,0.41624,123.393,13.06365,105.70887,7.99546,82.82947,5.1231,0.33882,0.00432,0.33859,0.34244,0.34464,0.39491,0.01887,0.39574,0.40791,0.41621,61.39451,2,0,0,0,0,0.33759,0.33791,0.34019,0.34203,0.39435,0.39474,0.40759,0.41647,0.00134,0.00141,0.00145,0.00148,0.00415,0.00472,0.00455,0.00435,NA
2011-05-02,2011,122,33,thompsonfarm2N_2011_05_02_120200.jpg,126.0898,109.23957,82.48973,0.34372,0.39673,124.89,11.35591,105.31112,7.16489,79.94589,3.61552,0.33948,0.00298,0.33929,0.34109,0.34407,0.40209,0.01437,0.40531,0.41334,0.41709,62.24041,2,0,0,0,0,0.33896,0.33916,0.34159,0.34348,0.39332,0.39379,0.40655,0.41515,0.00128,0.00135,0.00139,0.00142,0.00413,0.00471,0.00454,0.00431,NA
2011-05-05,2011,125,33,thompsonfarm2N_2011_05_05_120200.jpg,127.0062,112.5763,89.4688,0.34212,0.38598,120.8718,15.09613,106.29808,8.72298,86.18203,4.32468,0.33916,0.00385,0.33992,0.34246,0.34353,0.38456,0.02075,0.38268,0.40185,0.41559,63.08191,2,0,0,0,0,0.34008,0.3402,0.3428,0.34473,0.39203,0.39254,0.4052,0.41355,0.00134,0.00141,0.00145,0.00148,0.00407,0.00467,0.00447,0.00422,NA
2011-05-08,2011,128,33,thompsonfarm2N_2011_05_08_120200.jpg,120.8792,101.82789,78.24766,0.33835,0.40165,117.8931,11.14132,101.43192,8.13808,79.2381,5.35117,0.33959,0.00396,0.33835,0.34248,0.34481,0.39447,0.01525,0.39825,0.40661,0.41282,63.88439,2,0,0,0,0,0.34037,0.34062,0.34344,0.34537,0.39063,0.39117,0.40369,0.41183,0.00134,0.00141,0.00145,0.00148,0.00401,0.00464,0.00441,0.00416,NA
2011-05-11,2011,131,31,thompsonfarm2N_2011_05_11_120200.jpg,116.6904,106.69732,84.1587,0.34693,0.37942,115.2607,6.686,102.60172,4.26579,81.54076,3.88387,0.34262,0.00398,0.34412,0.34568,0.34678,0.38485,0.0145,0.38069,0.3983,0.40618,64.68335,2,0,0,0,0,0.34073,0.34114,0.34412,0.34607,0.38926,0.38982,0.40222,0.41016,0.00128,0.00135,0.00139,0.00142,0.004,0.00465,0.00439,0.00418,NA
2011-05-14,2011,134,33,thompsonfarm2N_2011_05_14_120100.jpg,107.5749,99.3029,81.11167,0.34481,0.37354,112.2869,10.77908,99.5863,6.20125,78.99193,5.54587,0.3423,0.00364,0.34239,0.34441,0.34644,0.38555,0.02094,0.37837,0.40092,0.4168,65.40292,2,0,0,0,0,0.34112,0.34169,0.34476,0.34672,0.38807,0.38867,0.40095,0.40869,0.00134,0.00141,0.00145,0.00148,0.00402,0.00469,0.00442,0.00425,NA
2011-05-17,2011,137,29,thompsonfarm2N_2011_05_17_120100.jpg,113.6612,102.53131,82.27138,0.34353,0.38082,107.0259,4.96411,99.1035,3.71285,87.90422,6.36492,0.33714,0.00747,0.3389,0.34353,0.34595,0.36402,0.01077,0.36495,0.37383,0.37748,66.03882,2,0,0,0,0,0.34208,0.3427,0.34572,0.34781,0.38722,0.38785,0.40008,0.40759,0.00134,0.00141,0.00145,0.00148,0.00404,0.00472,0.00444,0.00429,NA
2011-05-20,2011,140,35,thompsonfarm2N_2011_05_20_120100.jpg,102.6699,92.71885,75.04867,0.34285,0.37964,110.4522,9.63057,99.25165,5.78262,79.30768,6.6319,0.34344,0.00632,0.34393,0.34748,0.34999,0.38183,0.01912,0.37661,0.39808,0.4088,66.70669,2,0,0,0,0,0.34312,0.34375,0.34662,0.34874,0.38659,0.38733,0.39947,0.40677,0.00128,0.00135,0.00139,0.00142,0.00401,0.0047,0.0044,0.00424,NA
2011-05-23,2011,143,36,thompsonfarm2N_2011_05_23_120100.jpg,111.478,101.00599,79.82953,0.34554,0.38136,107.6768,7.36656,100.47972,4.92286,81.52069,3.70498,0.34682,0.00292,0.34647,0.34891,0.35054,0.37144,0.01284,0.37446,0.37895,0.38789,67.24743,2,0,0,0,0,0.34407,0.34467,0.34738,0.34951,0.38603,0.38692,0.39892,0.40605,0.00134,0.00141,0.00145,0.00148,0.00395,0.00462,0.00434,0.00416,NA
2011-05-26,2011,146,36,thompsonfarm2N_2011_05_26_120200.jpg,129.3607,106.82368,73.79302,0.34462,0.41732,118.8544,16.05679,101.12604,12.24816,73.86389,5.86962,0.34377,0.00409,0.34416,0.34619,0.34892,0.40348,0.01534,0.40663,0.4156,0.4172,67.77816,2,0,0,0,0,0.34478,0.34524,0.34791,0.34994,0.38552,0.38662,0.39842,0.40543,0.00134,0.00141,0.00145,0.00148,0.00392,0.00453,0.0043,0.00412,NA
2011-05-29,2011,149,36,thompsonfarm2N_2011_05_29_120100.jpg,107.6936,100.68487,79.32664,0.34996,0.37432,117.1873,14.86179,104.69885,9.93397,79.51056,5.06133,0.34737,0.00356,0.3483,0.34973,0.35151,0.38773,0.01632,0.38715,0.4033,0.40895,68.29751,2,0,0,0,0,0.34514,0.34553,0.34802,0.34998,0.38509,0.38641,0.39801,0.40493,0.00128,0.00135,0.00139,0.00142,0.00395,0.00445,0.00433,0.00416,NA
2011-06-01,2011,152,36,thompsonfarm2N_2011_06_01_120100.jpg,125.3213,105.4048,76.43764,0.34316,0.408,116.9809,16.50537,104.10932,11.15199,80.71133,5.52128,0.34476,0.00408,0.34523,0.34785,0.34898,0.3863,0.02015,0.38987,0.40159,0.41035,68.7232,2,0,0,0,0,0.34531,0.34563,0.34793,0.34982,0.38475,0.38628,0.39769,0.40455,0.00134,0.00141,0.00145,0.00148,0.004,0.00439,0.00439,0.00424,NA
2011-06-04,2011,155,24,thompsonfarm2N_2011_06_04_120000.jpg,129.1165,108.0179,78.26706,0.34248,0.40937,122.3122,13.0937,106.9421,10.34058,82.20517,5.96298,0.34305,0.00468,0.34326,0.34713,0.349,0.39219,0.01522,0.39403,0.40259,0.40901,69.01401,2,0,0,0,0,0.34496,0.34525,0.34746,0.34934,0.3845,0.38621,0.39748,0.4043,0.00134,0.00141,0.00145,0.00148,0.00403,0.00438,0.00443,0.00429,NA
2011-06-07,2011,158,35,thompsonfarm2N_2011_06_07_120100.jpg,139.1834,114.81184,79.47337,0.3443,0.41738,124.0151,15.5361,106.47965,11.1089,78.52361,5.14205,0.34436,0.00357,0.34433,0.34656,0.34899,0.40025,0.01534,0.40248,0.41102,0.41723,69.36846,2,0,0,0,0,0.34471,0.34487,0.34703,0.3489,0.38455,0.38619,0.39763,0.40437,0.00128,0.00135,0.00139,0.00142,0.004,0.00442,0.00439,0.00425,NA
2011-06-10,2011,161,21,thompsonfarm2N_2011_06_11_070100.jpg,119.1757,110.41596,94.97932,0.34019,0.36718,117.4494,12.20303,107.69979,7.33896,87.15765,6.89225,0.34476,0.00337,0.34498,0.34663,0.34882,0.37552,0.02244,0.36718,0.39375,0.41077,69.66238,NA,0,0,0,0,0.34429,0.34436,0.34656,0.34843,0.38498,0.3862,0.3982,0.40481,0.00134,0.00141,0.00145,0.00148,0.00396,0.00449,0.00435,0.00418,NA
2011-06-13,2011,164,33,thompsonfarm2N_2011_06_13_120100.jpg,142.4009,122.56293,91.455,0.34387,0.39953,120.1681,8.16115,112.59394,6.10917,93.34729,4.63042,0.34524,0.00181,0.34532,0.34617,0.34749,0.36829,0.0099,0.36773,0.37148,0.38036,69.85795,2,0,0,0,0,0.34363,0.34376,0.34614,0.34803,0.38556,0.38623,0.39895,0.40543,0.00134,0.00141,0.00145,0.00148,0.00396,0.00457,0.00435,0.00418,NA
2011-06-16,2011,167,36,thompsonfarm2N_2011_06_16_120100.jpg,142.0997,118.30864,85.21155,0.34231,0.41114,127.5615,14.92593,110.72356,10.58706,84.83182,5.57374,0.34244,0.00449,0.34246,0.34574,0.34807,0.39399,0.01734,0.39713,0.40937,0.41223,69.95715,2,0,0,0,0,0.34267,0.34299,0.34582,0.34765,0.38609,0.38626,0.39963,0.40602,0.00128,0.00135,0.00139,0.00142,0.004,0.00464,0.00439,0.00425,NA
2011-06-19,2011,170,36,thompsonfarm2N_2011_06_19_120100.jpg,136.0973,113.82554,84.44063,0.34042,0.40703,130.4889,14.43846,112.92315,10.12902,85.62036,5.41092,0.34302,0.00406,0.34305,0.34635,0.34742,0.39583,0.01651,0.40272,0.40781,0.41169,70.06646,2,0,0,0,0,0.34179,0.34233,0.34557,0.34732,0.38635,0.38629,0.39998,0.40639,0.00134,0.00141,0.00145,0.00148,0.00403,0.00467,0.00443,0.00429,NA
2011-06-22,2011,173,36,thompsonfarm2N_2011_06_22_120100.jpg,140.0246,115.76075,82.45564,0.34224,0.41398,117.196,16.82537,104.7878,10.9954,86.10032,4.91887,0.33974,0.00623,0.34149,0.34452,0.34652,0.37886,0.02237,0.37238,0.40295,0.40947,70.08097,2,0,0,0,0,0.34122,0.34198,0.3454,0.34707,0.38654,0.38648,0.40024,0.40674,0.00128,0.00135,0.00139,0.00142,0.004,0.00464,0.00439,0.00424,NA
2011-06-25,2011,176,36,thompsonfarm2N_2011_06_25_120100.jpg,119.2665,111.52407,101.42391,0.3357,0.359,117.9387,9.35763,109.5733,6.90815,96.2506,7.7266,0.33842,0.00746,0.33941,0.3458,0.34777,0.36404,0.01469,0.36026,0.3693,0.38113,70.05062,1,0,0,0,0,0.34089,0.34183,0.34533,0.34696,0.38693,0.38694,0.40072,0.40732,0.00134,0.00141,0.00145,0.00148,0.00394,0.00458,0.00433,0.00416,NA
2011-06-28,2011,179,16,thompsonfarm2N_2011_06_28_100200.jpg,119.855,109.37057,85.15977,0.34789,0.38124,126.7077,18.53418,109.14378,13.75279,82.69821,5.64908,0.34226,0.00408,0.34301,0.34523,0.34696,0.39639,0.01389,0.39953,0.40771,0.4116,69.99555,2,0,0,0,0,0.3414,0.3424,0.34555,0.34727,0.38742,0.38753,0.40131,0.40802,0.00134,0.00141,0.00145,0.00148,0.00392,0.00456,0.0043,0.00412,NA
2011-07-01,2011,182,24,thompsonfarm2N_2011_07_01_120100.jpg,148.0447,122.69343,86.95761,0.34301,0.41388,126.588,17.51915,110.4626,12.27004,85.8305,6.04788,0.34184,0.00345,0.34237,0.34435,0.3456,0.3908,0.01763,0.38919,0.40853,0.41191,69.80191,2,0,0,0,0,0.34226,0.34313,0.34573,0.34771,0.38791,0.38815,0.40191,0.4087,0.00128,0.00135,0.00139,0.00142,0.00394,0.00458,0.00433,0.00416,NA
2011-07-04,2011,185,36,thompsonfarm2N_2011_07_04_120000.jpg,142.6029,119.69593,85.85977,0.3438,0.40959,123.9063,17.79923,110.36566,12.42265,85.45399,5.91409,0.34497,0.00385,0.34635,0.34707,0.34932,0.38617,0.01773,0.38118,0.40195,0.41081,69.66359,2,0,0,0,0,0.34322,0.3439,0.34592,0.34816,0.38833,0.38866,0.40239,0.40926,0.00134,0.00141,0.00145,0.00148,0.004,0.00464,0.00439,0.00424,NA
2011-07-07,2011,188,36,thompsonfarm2N_2011_07_07_120000.jpg,123.0893,110.60287,92.03808,0.33955,0.37789,127.0809,16.74544,112.37219,11.8344,86.49445,6.08748,0.3445,0.00457,0.34495,0.34778,0.34959,0.38881,0.01769,0.38762,0.40536,0.41018,69.40472,2,0,0,0,0,0.34394,0.3444,0.346,0.34843,0.38856,0.38894,0.40266,0.40957,0.00134,0.00141,0.00145,0.00148,0.00403,0.00467,0.00443,0.00429,NA
2011-07-10,2011,191,35,thompsonfarm2N_2011_07_10_110100.jpg,134.1527,114.68217,84.1305,0.34443,0.4029,131.7,17.9145,113.94696,12.06054,85.27272,4.92698,0.34413,0.00384,0.34407,0.34543,0.34914,0.39661,0.01804,0.40541,0.40964,0.41363,69.08503,2,0,0,0,0,0.34421,0.34453,0.34612,0.34855,0.38865,0.38905,0.40274,0.40967,0.00128,0.00135,0.00139,0.00142,0.004,0.00464,0.00439,0.00424,NA
2011-07-13,2011,194,36,thompsonfarm2N_2011_07_13_120100.jpg,146.8125,121.45703,85.81962,0.34301,0.41462,128.1297,17.67593,112.24264,12.26074,85.89691,6.42927,0.34379,0.00408,0.34379,0.34524,0.34838,0.39152,0.01887,0.39469,0.40888,0.41165,68.70571,2,0,0,0,0,0.34433,0.34454,0.34625,0.3486,0.3887,0.38914,0.40278,0.4097,0.00134,0.00141,0.00145,0.00148,0.00394,0.00458,0.00433,0.00416,NA
2011-07-16,2011,197,36,thompsonfarm2N_2011_07_16_120100.jpg,142.7623,118.99426,84.79958,0.34336,0.41195,131.1171,18.17982,112.19664,13.27078,83.51691,5.77433,0.34302,0.00383,0.34336,0.34534,0.34686,0.39994,0.0133,0.40502,0.41086,0.41259,68.26814,2,0,0,0,0,0.34428,0.34445,0.34644,0.3485,0.38872,0.38922,0.40278,0.40968,0.00134,0.00141,0.00145,0.00148,0.00392,0.00456,0.0043,0.00412,NA
2011-07-19,2011,200,36,thompsonfarm2N_2011_07_19_120100.jpg,144.9746,120.74631,86.82201,0.3425,0.41123,128.3486,15.67469,113.12995,9.85839,86.25257,4.82104,0.34514,0.00255,0.3454,0.34731,0.34854,0.39058,0.01771,0.38876,0.40706,0.41294,67.77382,2,0,0,0,0,0.34411,0.34434,0.34652,0.34833,0.38874,0.3893,0.40277,0.40965,0.00128,0.00135,0.00139,0.00142,0.00394,0.00458,0.00433,0.00416,NA
2011-07-22,2011,203,36,thompsonfarm2N_2011_07_22_120100.jpg,149.1767,125.95436,91.94409,0.34313,0.40639,134.0668,18.3784,116.06612,13.47703,86.65446,6.67682,0.34435,0.0039,0.34456,0.34758,0.34861,0.39689,0.01563,0.40112,0.40852,0.41359,67.22435,2,0,0,0,0,0.34392,0.34425,0.34658,0.34813,0.38876,0.38938,0.40274,0.40963,0.00134,0.00141,0.00145,0.00148,0.004,0.00464,0.00439,0.00424,NA
2011-07-25,2011,206,36,thompsonfarm2N_2011_07_25_120100.jpg,123.7204,113.07937,91.65589,0.34428,0.37667,127.9061,14.88206,114.60212,9.91437,90.02426,5.95274,0.34449,0.00351,0.34498,0.34673,0.34843,0.38384,0.01825,0.3789,0.39807,0.41225,66.64089,2,0,0,0,0,0.34382,0.34426,0.34662,0.34808,0.3888,0.38948,0.40273,0.40965,0.00134,0.00141,0.00145,0.00148,0.00403,0.00467,0.00443,0.00429,NA
2011-07-28,2011,209,36,thompsonfarm2N_2011_07_28_120000.jpg,148.8547,124.15382,89.22406,0.34275,0.41094,128.4178,17.74209,114.10926,11.72964,89.8068,7.25916,0.34314,0.0052,0.34391,0.34748,0.34871,0.3853,0.02248,0.38702,0.40596,0.41452,65.98625,2,0,0,0,0,0.34387,0.34434,0.3466,0.34804,0.38877,0.38954,0.40261,0.40963,0.00128,0.00135,0.00139,0.00142,0.004,0.00464,0.00439,0.00424,NA
2011-07-31,2011,212,36,thompsonfarm2N_2011_07_31_120000.jpg,146.1299,122.63178,89.70138,0.3421,0.40766,131.8643,18.96757,114.10632,12.78224,86.58048,5.60715,0.34293,0.00358,0.34321,0.34477,0.34734,0.39499,0.01812,0.40323,0.40863,0.41247,65.28254,2,0,0,0,0,0.34392,0.34442,0.34654,0.34801,0.38863,0.38951,0.40231,0.4095,0.00134,0.00141,0.00145,0.00148,0.00394,0.00457,0.00433,0.00416,NA
2011-08-03,2011,215,34,thompsonfarm2N_2011_08_03_120100.jpg,135.1188,120.3603,92.18694,0.3462,0.38865,127.8642,18.041,112.65893,12.39836,87.83735,6.64364,0.34287,0.00321,0.34361,0.34468,0.34617,0.38822,0.01912,0.39045,0.40282,0.41346,64.51346,2,0,0,0,0,0.34403,0.34461,0.34654,0.34794,0.38843,0.38943,0.40192,0.40931,0.00134,0.00141,0.00145,0.00148,0.00392,0.00448,0.0043,0.00412,NA
2011-08-06,2011,218,24,thompsonfarm2N_2011_08_06_130100.jpg,128.2731,113.92933,87.97076,0.34506,0.3885,132.698,14.51941,119.14536,8.97137,92.27395,3.89339,0.34617,0.00307,0.34633,0.34857,0.34944,0.38473,0.01623,0.38208,0.39497,0.41061,63.71831,2,0,0,0,0,0.34408,0.34475,0.34651,0.34783,0.38824,0.3893,0.40153,0.40911,0.00128,0.00135,0.00139,0.00142,0.00394,0.00441,0.00433,0.00416,NA
2011-08-09,2011,221,33,thompsonfarm2N_2011_08_09_120100.jpg,141.6567,125.76916,93.6177,0.34835,0.39235,125.5556,14.1579,114.37328,10.27254,91.24992,5.36432,0.34513,0.00389,0.3462,0.34785,0.34817,0.3784,0.01603,0.37783,0.38958,0.39606,62.88072,2,0,0,0,0,0.34409,0.34481,0.34644,0.3477,0.38812,0.38916,0.40123,0.40896,0.00134,0.00141,0.00145,0.00148,0.004,0.00436,0.00439,0.00424,NA
2011-08-12,2011,224,35,thompsonfarm2N_2011_08_12_120100.jpg,149.3385,125.28097,89.30183,0.34425,0.41036,132.4419,16.72786,114.57519,11.6874,87.44702,5.32736,0.34239,0.00363,0.34275,0.34464,0.34661,0.39488,0.01445,0.39702,0.40731,0.41383,62.00298,2,0,0,0,0,0.34388,0.34459,0.34625,0.34757,0.38813,0.38903,0.40112,0.4089,0.00134,0.00141,0.00145,0.00148,0.00403,0.00437,0.00443,0.00429,NA
2011-08-15,2011,227,33,thompsonfarm2N_2011_08_15_120100.jpg,106.2944,103.62233,91.25619,0.34406,0.35293,119.1094,8.38062,111.61772,5.67177,92.81157,3.60139,0.34497,0.0045,0.34635,0.34813,0.3496,0.3678,0.0103,0.36692,0.37396,0.37721,61.08727,1,0,0,0,0,0.3434,0.34402,0.34577,0.34732,0.38809,0.38892,0.40096,0.40871,0.00128,0.00135,0.00139,0.00142,0.00401,0.00442,0.0044,0.00425,NA
2011-08-18,2011,230,33,thompsonfarm2N_2011_08_18_120100.jpg,147.0922,122.95422,89.97558,0.34152,0.40856,133.4312,18.94472,113.99635,14.55794,86.66982,7.59734,0.34083,0.004,0.34152,0.34256,0.34419,0.3984,0.01351,0.40266,0.40737,0.41108,60.04108,2,0,0,0,0,0.34288,0.34337,0.34525,0.34707,0.38788,0.38886,0.40059,0.40827,0.00134,0.00141,0.00145,0.00148,0.00397,0.0045,0.00435,0.00418,NA
2011-08-21,2011,233,33,thompsonfarm2N_2011_08_21_120100.jpg,134.9711,121.57545,94.20958,0.34661,0.3848,135.0933,18.33314,117.12629,13.05009,88.95976,6.63763,0.34311,0.00396,0.3425,0.34527,0.34788,0.39486,0.01612,0.39986,0.40928,0.41242,59.15071,2,0,0,0,0,0.34246,0.34266,0.3447,0.34678,0.38762,0.38887,0.40017,0.40778,0.00134,0.00141,0.00145,0.00148,0.00397,0.00459,0.00436,0.00418,NA
2011-08-24,2011,236,33,thompsonfarm2N_2011_08_24_120100.jpg,134.9395,121.5665,95.9401,0.34492,0.38287,128.6778,16.4384,113.86103,10.29428,90.05077,5.52498,0.34231,0.00348,0.34263,0.34492,0.3467,0.38578,0.01838,0.38285,0.40262,0.41054,58.13444,2,0,0,0,0,0.34252,0.34246,0.3448,0.34692,0.38747,0.38897,0.39987,0.40744,0.00128,0.00135,0.00139,0.00142,0.00402,0.00466,0.00441,0.00425,NA
2011-08-27,2011,239,27,thompsonfarm2N_2011_08_27_120100.jpg,128.2684,115.76136,88.90444,0.3477,0.38527,124.4106,20.11611,111.3076,12.67022,88.29918,5.15479,0.3434,0.0033,0.34328,0.34581,0.34772,0.38199,0.02173,0.37829,0.4055,0.41179,57.08941,2,0,0,0,0,0.34261,0.34237,0.34498,0.34709,0.38755,0.38918,0.39983,0.40743,0.00134,0.00141,0.00145,0.00148,0.00405,0.00469,0.00445,0.00429,NA
2011-08-30,2011,242,14,thompsonfarm2N_2011_08_30_150200.jpg,126.0246,113.02663,97.83844,0.3355,0.37408,130.0877,15.80547,112.55276,10.9749,87.66831,5.50185,0.34054,0.00366,0.34015,0.34191,0.34517,0.39289,0.0156,0.39416,0.40218,0.41389,55.26663,2,0,0,0,0,0.34251,0.3424,0.34509,0.34717,0.38784,0.38947,0.40002,0.40769,0.00128,0.00135,0.00139,0.00142,0.00401,0.00465,0.00441,0.00425,NA
2011-09-02,2011,245,33,thompsonfarm2N_2011_09_02_120200.jpg,148.8783,123.82878,91.10247,0.34037,0.40922,135.3671,15.34031,117.88879,11.12892,89.33597,5.5346,0.34394,0.00396,0.34302,0.34764,0.34852,0.39439,0.01405,0.39625,0.40432,0.41045,54.89901,2,0,0,0,0,0.34237,0.34245,0.34518,0.34719,0.38817,0.38978,0.40026,0.40801,0.00134,0.00141,0.00145,0.00148,0.00395,0.00459,0.00434,0.00417,NA
2011-09-05,2011,248,33,thompsonfarm2N_2011_09_05_120100.jpg,140.66,124.31395,92.93999,0.34733,0.393,123.8019,14.62195,111.98048,10.04379,89.20803,5.48954,0.34442,0.00356,0.34471,0.34703,0.3489,0.3801,0.01671,0.37705,0.38942,0.40362,53.80771,2,0,0,0,0,0.34207,0.34229,0.34499,0.34687,0.38856,0.39012,0.40057,0.40841,0.00134,0.00141,0.00145,0.00148,0.00392,0.00456,0.0043,0.00414,NA
2011-09-08,2011,251,33,thompsonfarm2N_2011_09_08_120200.jpg,124.6495,113.82318,95.29288,0.34103,0.37346,122.9286,14.26664,110.53274,9.35821,92.59854,4.6951,0.33875,0.00636,0.34103,0.34312,0.34511,0.37606,0.01775,0.37339,0.38227,0.40847,52.64775,2,0,0,0,0,0.3417,0.34201,0.34459,0.34639,0.38901,0.39049,0.40094,0.40891,0.00128,0.00135,0.00139,0.00142,0.00394,0.00458,0.00433,0.00418,NA
2011-09-11,2011,254,32,thompsonfarm2N_2011_09_11_120100.jpg,146.8916,124.94737,94.09941,0.34144,0.40141,139.4002,16.92931,118.65498,11.79808,89.58399,5.35311,0.34116,0.0033,0.34098,0.3427,0.34496,0.39997,0.01368,0.40102,0.4101,0.41227,51.52369,2,0,0,0,0,0.34135,0.34174,0.34421,0.34595,0.38951,0.3909,0.40137,0.40953,0.00134,0.00141,0.00145,0.00148,0.004,0.00464,0.00439,0.00427,NA
2011-09-14,2011,257,31,thompsonfarm2N_2011_09_14_120210.jpg,124.9467,112.61103,88.368,0.34551,0.38336,125.8522,19.43183,110.99528,13.05415,87.27255,7.18433,0.34231,0.00364,0.34225,0.34562,0.34701,0.38689,0.01965,0.3844,0.398,0.41425,50.32893,2,0,0,0,0,0.34112,0.3416,0.3439,0.34568,0.39008,0.39135,0.40185,0.4103,0.00134,0.00141,0.00145,0.00148,0.00403,0.00467,0.00443,0.00431,NA
2011-09-17,2011,260,30,thompsonfarm2N_2011_09_17_120137.jpg,141.8715,123.37481,92.65845,0.34471,0.39639,138.6129,16.21871,117.78509,10.29836,89.44663,4.9384,0.34046,0.00327,0.34025,0.34279,0.34419,0.39978,0.01719,0.40408,0.41364,0.41908,49.16738,2,0,0,0,0,0.34117,0.34161,0.344,0.34595,0.39084,0.39199,0.40256,0.41139,0.00128,0.00135,0.00139,0.00142,0.004,0.00464,0.00439,0.00425,NA
2011-09-20,2011,263,30,thompsonfarm2N_2011_09_20_120131.jpg,124.6275,114.36932,93.17582,0.34431,0.37519,133.3953,16.68168,114.75947,10.8111,88.18975,6.4639,0.34111,0.00348,0.34132,0.34302,0.34524,0.39568,0.0191,0.39965,0.40971,0.41999,47.97894,2,0,0,0,0,0.34125,0.34163,0.34415,0.3463,0.39187,0.39287,0.40355,0.41287,0.00134,0.00141,0.00145,0.00148,0.00395,0.0046,0.00434,0.00417,NA
2011-09-23,2011,266,30,thompsonfarm2N_2011_09_23_120137.jpg,124.5786,110.10547,87.0614,0.34221,0.3872,118.0688,13.09377,106.83855,10.08235,88.32555,5.24019,0.34074,0.00727,0.34284,0.34513,0.34847,0.37621,0.01482,0.37132,0.38646,0.39113,46.78836,2,0,0,0,0,0.34137,0.34186,0.34465,0.34703,0.39304,0.39388,0.40469,0.41455,0.00134,0.00141,0.00145,0.00148,0.00393,0.00459,0.00432,0.00413,NA
2011-09-26,2011,269,30,thompsonfarm2N_2011_09_26_120134.jpg,150.6133,123.84001,89.38016,0.34038,0.41396,138.0388,19.45769,117.93856,13.09817,87.84166,5.44768,0.34285,0.00404,0.34279,0.34641,0.34711,0.40007,0.01735,0.40706,0.41395,0.4192,45.60583,2,0,0,0,0,0.34137,0.34193,0.34474,0.34726,0.39424,0.39491,0.40586,0.41625,0.00128,0.00135,0.00139,0.00142,0.00397,0.00462,0.00436,0.00417,NA
2011-09-29,2011,272,30,thompsonfarm2N_2011_09_29_120200.jpg,106.5583,101.14868,84.37856,0.3463,0.36482,128.6606,20.54324,111.54036,12.86128,86.92378,6.11702,0.34088,0.00457,0.34037,0.34243,0.34748,0.39147,0.02248,0.40082,0.41065,0.41553,44.41802,1,0,0,0,0,0.34111,0.34169,0.3445,0.34711,0.39533,0.39585,0.40692,0.4178,0.00134,0.00141,0.00145,0.00148,0.00404,0.00469,0.00443,0.00426,NA
2011-10-02,2011,275,19,thompsonfarm2N_2011_10_02_120121.jpg,110.8771,100.28956,93.4775,0.3292,0.36396,116.8814,6.2605,108.17975,6.66975,94.18343,2.63088,0.33862,0.00789,0.3408,0.3462,0.34739,0.36601,0.00691,0.36568,0.37142,0.37583,43.22509,1,0,0,0,0,0.34023,0.34058,0.34346,0.34595,0.3962,0.39658,0.40774,0.41901,0.00134,0.00141,0.00145,0.00148,0.00408,0.00472,0.00448,0.00432,NA
2011-10-05,2011,278,14,thompsonfarm2N_2011_10_05_130134.jpg,160.5248,129.53886,92.76549,0.33837,0.41931,150.104,17.22903,124.10567,10.23673,90.13619,4.21828,0.34063,0.0028,0.34032,0.34165,0.34459,0.41089,0.01522,0.41716,0.42295,0.42704,41.27527,2,0,0,0,0,0.33864,0.33884,0.34176,0.34405,0.39703,0.39729,0.4085,0.42016,0.00128,0.00135,0.00139,0.00142,0.00405,0.0047,0.00445,0.00428,NA
2011-10-08,2011,281,30,thompsonfarm2N_2011_10_08_120244.jpg,153.7133,122.96716,87.16765,0.33796,0.42247,143.6789,15.81673,117.19703,9.95183,84.81321,5.48271,0.33894,0.0025,0.33837,0.3403,0.34161,0.41482,0.01759,0.41622,0.4282,0.43748,40.90169,2,0,0,0,0,0.33692,0.33699,0.33992,0.34195,0.39802,0.39818,0.4094,0.42153,0.00134,0.00141,0.00145,0.00148,0.00401,0.00465,0.0044,0.00422,NA
2011-10-11,2011,284,30,thompsonfarm2N_2011_10_11_120126.jpg,156.5697,120.40088,83.43921,0.33407,0.43442,143.001,16.35516,114.64663,8.92522,84.92217,5.30037,0.33466,0.00321,0.33459,0.33671,0.3385,0.41639,0.0192,0.41822,0.43405,0.44204,39.78636,2,0,0,0,0,0.33543,0.33548,0.33836,0.34012,0.39909,0.39916,0.41037,0.42299,0.00134,0.00141,0.00145,0.00148,0.004,0.00463,0.00439,0.0042,NA
2011-10-14,2011,287,22,thompsonfarm2N_2011_10_14_120204.jpg,113.068,100.97155,98.61845,0.32295,0.36163,122.6317,18.07716,105.9477,10.66261,92.91126,5.6903,0.3294,0.00612,0.32935,0.33513,0.33724,0.37997,0.02007,0.37632,0.3783,0.40739,38.5777,1,0,0,0,0,0.33421,0.33421,0.33706,0.33866,0.40015,0.40012,0.41132,0.42438,0.00131,0.00137,0.00141,0.00144,0.00405,0.00467,0.00444,0.00426,NA
2011-10-17,2011,290,26,thompsonfarm2N_2011_10_17_120202.jpg,161.366,126.36119,89.69817,0.3348,0.42754,142.4252,18.05509,117.03879,10.07209,90.49385,3.74247,0.33437,0.00282,0.33502,0.33637,0.33737,0.40565,0.01906,0.40125,0.42262,0.4318,37.6039,2,0,0,0,0,0.33304,0.33304,0.33581,0.33729,0.40109,0.40097,0.41217,0.42557,0.00136,0.00143,0.00147,0.0015,0.00412,0.00473,0.00452,0.00436,NA
2011-10-20,2011,293,24,thompsonfarm2N_2011_10_20_120149.jpg,131.5831,105.86262,85.22189,0.32809,0.4078,139.0655,20.44407,115.04625,11.20778,90.45607,4.71957,0.33376,0.00369,0.334,0.33673,0.33838,0.40186,0.02387,0.4009,0.41789,0.43807,36.53803,1,0,0,0,0,0.33207,0.33217,0.33476,0.33621,0.40183,0.40159,0.41285,0.42641,0.00134,0.00141,0.00145,0.00148,0.00416,0.00477,0.00457,0.00441,NA
2011-10-23,2011,296,24,thompsonfarm2N_2011_10_23_120118.jpg,131.17,105.9627,85.15204,0.32879,0.407,137.3409,6.74792,113.258,3.96275,89.85206,3.82845,0.33263,0.00278,0.33217,0.33464,0.33566,0.40331,0.01251,0.40035,0.40436,0.42581,35.49247,2,0,0,0,0,0.33131,0.33148,0.33362,0.33495,0.40247,0.40211,0.41344,0.42699,0.00133,0.0014,0.00144,0.00147,0.00413,0.00474,0.00453,0.00437,NA
2011-10-26,2011,299,24,thompsonfarm2N_2011_10_26_120139.jpg,134.2978,111.03929,90.58037,0.33056,0.39979,134.2499,14.94896,112.24882,7.64658,93.44844,4.41326,0.33013,0.00288,0.33048,0.33167,0.33342,0.39394,0.01957,0.38949,0.40048,0.42842,34.4507,2,0,0,0,0,0.33062,0.33083,0.33253,0.33382,0.40316,0.40267,0.41406,0.42748,0.00144,0.00151,0.00155,0.00159,0.00407,0.00468,0.00446,0.00429,NA
2011-10-29,2011,302,16,thompsonfarm2N_2011_10_29_120130.jpg,134.4411,115.96242,98.57933,0.33229,0.38524,142.4025,18.29362,115.21843,8.95499,93.43771,3.54632,0.32815,0.00264,0.32832,0.32989,0.33139,0.40419,0.02299,0.39808,0.42156,0.43543,33.45237,2,0,0,0,0,0.32953,0.3297,0.33114,0.33258,0.40384,0.40322,0.41467,0.42788,0.00148,0.00156,0.0016,0.00164,0.00404,0.00466,0.00443,0.00425,NA
2011-11-01,2011,305,0,None,NA,NA,NA,NA,NA,NA,NA,NA,NA,NA,NA,NA,NA,NA,NA,NA,NA,NA,NA,NA,NA,NA,NA,0,0,0,0,0.32824,0.32835,0.32981,0.33164,0.40448,0.40374,0.41524,0.4282,0.00142,0.00148,0.00153,0.00157,0.00407,0.00469,0.00447,0.00431,NA
2011-11-04,2011,308,20,thompsonfarm2N_2011_11_04_120153.jpg,155.6312,118.03808,89.52143,0.325,0.42851,151.6339,11.73069,117.56232,5.93754,90.48593,3.36893,0.32684,0.00191,0.32728,0.32808,0.32932,0.42105,0.01423,0.42426,0.43149,0.43722,31.27967,2,0,0,0,0,0.32705,0.32709,0.32866,0.33087,0.40503,0.40417,0.41574,0.42843,0.00148,0.00156,0.0016,0.00164,0.00413,0.00475,0.00454,0.0044,NA
2011-11-07,2011,311,24,thompsonfarm2N_2011_11_07_120125.jpg,154.8117,122.22923,92.5936,0.33068,0.41882,151.5741,10.85368,117.89299,6.34919,90.06268,4.02046,0.32787,0.00342,0.32812,0.33046,0.332,0.42124,0.01353,0.4246,0.42787,0.43593,30.61251,2,0,0,0,0,0.32669,0.32662,0.32836,0.33073,0.40544,0.40448,0.41612,0.42857,0.00144,0.00151,0.00155,0.00159,0.00417,0.00478,0.00458,0.00446,NA
2011-11-10,2011,314,24,thompsonfarm2N_2011_11_10_120119.jpg,135.0704,106.43675,90.73497,0.32036,0.40654,143.248,21.09284,114.1669,10.93218,93.19196,6.84518,0.32563,0.00376,0.32435,0.32654,0.33198,0.40675,0.02541,0.40481,0.43148,0.44008,29.73599,2,0,0,0,0,0.32628,0.32611,0.328,0.33035,0.40572,0.40465,0.41639,0.42838,0.00133,0.0014,0.00144,0.00147,0.00413,0.00475,0.00454,0.0044,NA
2011-11-13,2011,317,24,thompsonfarm2N_2011_11_13_120126.jpg,134.4092,107.58807,92.51366,0.32163,0.40181,145.8655,9.71598,114.52709,4.81248,92.85937,4.18209,0.32424,0.00312,0.32455,0.32611,0.32773,0.41263,0.01326,0.41427,0.4192,0.42643,28.89368,2,0,0,0,0,0.32597,0.32571,0.32774,0.33001,0.40593,0.40472,0.4166,0.42777,0.00134,0.00141,0.00145,0.00148,0.00407,0.00468,0.00446,0.00431,NA
2011-11-16,2011,320,24,thompsonfarm2N_2011_11_16_120219.jpg,135.7436,117.32853,98.3941,0.33383,0.38622,131.4176,5.9555,112.6536,2.90767,98.89802,4.78077,0.32847,0.00269,0.32795,0.33065,0.33164,0.38312,0.01275,0.37931,0.38615,0.39828,28.12559,2,0,0,0,0,0.32562,0.32535,0.32735,0.32948,0.40606,0.40472,0.41674,0.42691,0.00136,0.00143,0.00147,0.0015,0.00403,0.00465,0.00442,0.00425,NA
2011-11-19,2011,323,24,thompsonfarm2N_2011_11_19_120211.jpg,165.1638,127.53865,100.9012,0.32403,0.41962,148.0128,12.90831,117.77179,6.52377,95.71195,4.98957,0.32584,0.00247,0.32587,0.32733,0.32939,0.40887,0.0163,0.4137,0.42041,0.42513,27.37301,2,0,0,0,0,0.32548,0.32526,0.32717,0.32904,0.40613,0.40467,0.41683,0.42599,0.00131,0.00137,0.00141,0.00144,0.00404,0.00466,0.00444,0.00428,NA
2011-11-22,2011,326,24,thompsonfarm2N_2011_11_22_120251.jpg,151.4919,123.99052,102.41279,0.32811,0.40088,136.8372,16.05077,111.65776,8.72946,97.53051,5.40711,0.32257,0.00266,0.32232,0.32465,0.3253,0.3944,0.02112,0.38986,0.4107,0.42413,26.67597,2,0,0,0,0,0.32532,0.32519,0.327,0.32857,0.40614,0.40459,0.41686,0.4252,0.00134,0.00141,0.00145,0.00148,0.00409,0.00471,0.0045,0.00435,NA
2011-11-25,2011,329,21,thompsonfarm2N_2011_11_25_120203.jpg,157.4708,123.92273,99.42801,0.32541,0.4135,150.7779,11.46789,118.15963,6.40351,94.89284,4.26377,0.32475,0.00316,0.32482,0.32583,0.32892,0.41401,0.01345,0.41573,0.42336,0.42898,26.03099,2,0,0,0,0,0.32507,0.32506,0.32685,0.32824,0.4061,0.40453,0.41685,0.42472,0.00134,0.00141,0.00145,0.00148,0.00412,0.00473,0.00452,0.00439,NA
2011-11-28,2011,332,18,thompsonfarm2N_2011_11_28_120226.jpg,129.2683,112.36576,98.03601,0.33081,0.38057,133.9211,9.98004,112.36621,4.52525,97.41967,3.38781,0.32692,0.00216,0.32692,0.32849,0.32966,0.38919,0.01516,0.38555,0.39353,0.41111,25.43997,2,0,0,0,0,0.32457,0.32466,0.32643,0.32783,0.40588,0.40433,0.4167,0.42447,0.00128,0.00135,0.00139,0.00142,0.00408,0.00469,0.00448,0.00432,NA
2011-12-01,2011,335,18,thompsonfarm2N_2011_12_01_120347.jpg,151.0232,117.87638,94.80354,0.3241,0.41524,150.6091,8.27542,117.88362,4.60295,94.83029,2.16582,0.32444,0.00249,0.32431,0.3266,0.32741,0.41429,0.00906,0.41605,0.42135,0.42488,24.90019,2,0,0,0,0,0.32397,0.32411,0.32588,0.32737,0.40541,0.4039,0.41636,0.42422,0.00134,0.00141,0.00145,0.00148,0.004,0.00463,0.00439,0.00422,NA
2011-12-04,2011,338,18,thompsonfarm2N_2011_12_04_120259.jpg,164.4271,124.33723,98.8199,0.3208,0.42424,146.8772,14.87978,114.60832,9.13159,94.62277,3.64738,0.32167,0.00373,0.32205,0.32421,0.32593,0.41164,0.01381,0.4126,0.42409,0.4277,24.46242,2,0,0,0,0,0.32327,0.32341,0.32519,0.32681,0.4048,0.40334,0.41591,0.42397,0.00134,0.00141,0.00145,0.00148,0.00396,0.00458,0.00434,0.00416,NA
2011-12-07,2011,341,16,thompsonfarm2N_2011_12_07_120312.jpg,125.1091,106.9033,96.3981,0.32552,0.38095,134.5153,14.91972,110.71233,7.91639,97.05599,3.29099,0.32332,0.00335,0.3239,0.32569,0.32676,0.39193,0.01878,0.38374,0.40739,0.41257,24.10673,2,0,0,0,0,0.32228,0.32234,0.32418,0.32591,0.40416,0.40277,0.41542,0.42373,0.00128,0.00135,0.00139,0.00142,0.00397,0.00459,0.00435,0.00418,NA
2011-12-10,2011,344,18,thompsonfarm2N_2011_12_10_120236.jpg,155.9213,122.05684,96.26642,0.32614,0.41663,150.178,12.22894,117.18862,5.56619,97.95988,3.94141,0.32074,0.00288,0.32049,0.32203,0.32416,0.41047,0.01864,0.41611,0.42158,0.42676,23.80195,2,0,0,0,0,0.32121,0.32115,0.3231,0.32491,0.40358,0.40228,0.41497,0.42349,0.00134,0.00141,0.00145,0.00148,0.00401,0.00463,0.0044,0.00425,NA
2011-12-13,2011,347,15,thompsonfarm2N_2011_12_13_120219.jpg,158.9996,118.65371,95.57976,0.31791,0.42601,151.9241,9.89738,117.0019,4.49472,97.02275,2.61674,0.3197,0.00264,0.31904,0.32064,0.32387,0.41475,0.01339,0.41277,0.42673,0.432,23.59054,2,0,0,0,0,0.3202,0.31996,0.32203,0.32395,0.40317,0.40198,0.41463,0.42325,0.00138,0.00144,0.00148,0.00152,0.00404,0.00465,0.00443,0.0043,NA
2011-12-16,2011,350,18,thompsonfarm2N_2011_12_16_120252.jpg,134.741,106.6106,93.01334,0.31885,0.40298,139.4756,12.81089,112.9083,5.92668,100.68381,4.96216,0.31974,0.00377,0.31985,0.32222,0.32409,0.39436,0.02001,0.38822,0.4134,0.42492,23.42692,2,0,0,0,0,0.31935,0.31896,0.32125,0.32316,0.40275,0.40177,0.41425,0.42303,0.00131,0.00137,0.00141,0.00145,0.004,0.00462,0.00439,0.00425,NA
2011-12-19,2011,353,17,thompsonfarm2N_2011_12_19_120307.jpg,164.7207,122.77622,97.3173,0.31905,0.42805,154.4303,8.3282,117.89709,4.86965,97.52081,3.99987,0.31874,0.00258,0.31781,0.32075,0.32146,0.4174,0.01116,0.42037,0.4247,0.42796,23.32612,2,0,0,0,0,0.31857,0.31807,0.32055,0.32241,0.40211,0.40149,0.41367,0.42285,0.00138,0.00144,0.00148,0.00152,0.00394,0.00454,0.00432,0.00416,NA
2011-12-22,2011,356,18,thompsonfarm2N_2011_12_22_120328.jpg,148.3932,112.0374,92.17471,0.31774,0.42085,134.8064,9.82227,109.86632,5.08422,100.51973,5.20651,0.31826,0.00256,0.31774,0.32042,0.32177,0.39018,0.01579,0.38523,0.39946,0.41345,23.34266,2,0,0,0,0,0.31782,0.31736,0.31986,0.32159,0.40137,0.40117,0.413,0.42271,0.00137,0.00144,0.00148,0.00152,0.00391,0.00445,0.00429,0.00412,NA
2011-12-25,2011,359,18,thompsonfarm2N_2011_12_25_120222.jpg,129.418,104.35452,97.17714,0.31532,0.39105,147.321,11.25646,114.85652,6.12206,100.53739,3.36321,0.31655,0.00318,0.31609,0.31881,0.3212,0.40566,0.01456,0.40512,0.41714,0.42405,23.43596,2,0,0,0,0,0.31735,0.31688,0.31919,0.32081,0.40066,0.40081,0.41234,0.42258,0.00129,0.00135,0.00139,0.00142,0.00394,0.00437,0.00432,0.00416,NA
2011-12-28,2011,362,18,thompsonfarm2N_2011_12_28_120220.jpg,144.4473,115.76646,106.4872,0.3157,0.39391,140.7748,11.61994,111.7547,7.1549,100.45678,4.42815,0.31649,0.00373,0.31658,0.31854,0.32056,0.39833,0.01344,0.39521,0.40713,0.41642,23.58359,2,0,0,0,0,0.31694,0.31651,0.31861,0.32016,0.40009,0.40045,0.4118,0.42246,0.00134,0.0014,0.00144,0.00148,0.004,0.00433,0.00439,0.00424,NA
2011-12-31,2011,365,20,thompsonfarm2N_2011_12_31_120229.jpg,118.6049,99.04814,96.16601,0.31562,0.37794,136.2348,13.11779,109.20722,6.45615,99.19356,6.20296,0.3169,0.00208,0.31641,0.31761,0.31871,0.39465,0.01928,0.38651,0.41008,0.42465,23.81546,2,0,0,0,0,0.31663,0.31636,0.31831,0.31996,0.39977,0.40009,0.4115,0.42235,0.00133,0.00139,0.00143,0.00147,0.00404,0.00434,0.00444,0.00429,NA
2012-01-02,2012,2,14,thompsonfarm2N_2012_01_02_120330.jpg,147.5974,114.80874,100.78917,0.31611,0.40639,150.4892,10.70037,115.06722,5.64473,98.507,4.85935,0.31609,0.00243,0.31606,0.31784,0.31964,0.41301,0.01279,0.41603,0.42407,0.42744,23.99554,2,0,0,0,0,0.31628,0.31618,0.31815,0.31978,0.39968,0.39987,0.4114,0.42223,0.00129,0.00135,0.00139,0.00143,0.00403,0.00437,0.00442,0.00426,NA
2012-01-05,2012,5,21,thompsonfarm2N_2012_01_05_120253.jpg,145.463,114.15853,102.67503,0.3151,0.4015,148.5495,10.8043,116.47852,4.49563,103.74205,5.39672,0.31583,0.00242,0.3151,0.31786,0.31849,0.40242,0.0174,0.39819,0.41145,0.43338,24.34611,2,0,0,0,0,0.3157,0.31584,0.31791,0.31949,0.39956,0.39958,0.41126,0.42191,0.00134,0.0014,0.00144,0.00148,0.00398,0.00445,0.00437,0.0042,NA
2012-01-08,2012,8,21,thompsonfarm2N_2012_01_08_120429.jpg,143.4621,113.55815,100.56236,0.31757,0.4012,148.3195,13.43575,114.3631,6.60986,98.00961,4.57304,0.317,0.00306,0.31728,0.3186,0.32103,0.4105,0.01779,0.4099,0.42732,0.43243,24.75145,2,0,0,0,0,0.31473,0.31505,0.31735,0.31871,0.39948,0.39935,0.41114,0.42155,0.00135,0.00142,0.00146,0.0015,0.00397,0.00454,0.00436,0.00418,NA
2012-01-11,2012,11,21,thompsonfarm2N_2012_01_11_120339.jpg,143.2301,117.81199,105.64145,0.32129,0.39061,147.991,11.65717,120.24732,8.80672,116.82477,21.28527,0.31277,0.00683,0.31459,0.31831,0.32038,0.38565,0.02712,0.38885,0.39497,0.42364,25.08518,2,0,0,0,0,0.3135,0.31383,0.31632,0.31782,0.39944,0.3992,0.41106,0.42125,0.0013,0.00137,0.00141,0.00144,0.004,0.00462,0.00439,0.00424,NA
2012-01-14,2012,14,21,thompsonfarm2N_2012_01_14_120229.jpg,150.2063,116.62697,105.36148,0.31335,0.40357,148.7601,8.68953,119.10986,7.40625,115.61309,16.97864,0.31077,0.00372,0.31092,0.31335,0.31433,0.38885,0.02264,0.39964,0.40478,0.40882,25.74375,4,0,0,0,0,0.3124,0.31266,0.31532,0.31705,0.39945,0.39915,0.41103,0.42113,0.00138,0.00144,0.00148,0.00152,0.00403,0.00465,0.00442,0.00429,NA
2012-01-17,2012,17,21,thompsonfarm2N_2012_01_17_120341.jpg,158.6856,118.60383,101.36109,0.31323,0.41908,146.8359,13.32885,115.48361,7.99703,106.88073,9.78231,0.31279,0.00296,0.31219,0.3148,0.31561,0.3974,0.01801,0.3987,0.40479,0.42381,26.32269,4,0,0,0,0,0.31193,0.31188,0.31456,0.31673,0.39954,0.39921,0.41106,0.42111,0.00131,0.00137,0.00141,0.00145,0.004,0.00462,0.00439,0.00424,NA
2012-01-20,2012,20,21,thompsonfarm2N_2012_01_20_120712.jpg,157.1864,120.34311,108.64408,0.31163,0.40704,143.6212,15.0124,114.02414,8.40989,110.20988,7.78942,0.30987,0.00321,0.31006,0.3122,0.31422,0.38969,0.01946,0.38832,0.40592,0.4171,26.97479,4,0,0,0,0,0.31171,0.31134,0.31397,0.31649,0.39974,0.39937,0.41113,0.42108,0.00138,0.00144,0.00148,0.00152,0.00394,0.00457,0.00433,0.00416,NA
2012-01-23,2012,23,21,thompsonfarm2N_2012_01_23_120246.jpg,137.2116,110.96602,108.47668,0.31113,0.38472,147.939,13.83627,116.03328,7.29574,107.16117,5.43347,0.31256,0.0037,0.31121,0.31421,0.31916,0.39789,0.01705,0.39489,0.40758,0.41834,27.65367,4,0,0,0,0,0.31197,0.31149,0.31384,0.31636,0.39999,0.39959,0.41123,0.42106,0.00134,0.00141,0.00145,0.00148,0.00392,0.00454,0.0043,0.00413,NA
2012-01-26,2012,26,21,thompsonfarm2N_2012_01_26_120341.jpg,152.1181,118.33837,102.50032,0.3173,0.40787,139.2311,15.68791,111.70857,8.17173,105.114,5.19377,0.31358,0.00311,0.31258,0.31464,0.31829,0.39001,0.02111,0.38963,0.40787,0.41759,28.41223,4,0,0,0,0,0.31259,0.3122,0.31435,0.31677,0.40027,0.39983,0.41136,0.42108,0.00128,0.00135,0.00139,0.00142,0.00395,0.00457,0.00434,0.00417,NA
2012-01-29,2012,29,21,thompsonfarm2N_2012_01_29_120331.jpg,157.8974,125.36223,111.03605,0.31794,0.40045,151.9641,14.48351,117.34439,7.9626,102.9899,4.95292,0.31504,0.00336,0.31542,0.31794,0.31888,0.40743,0.01897,0.4114,0.41655,0.42643,29.20925,4,0,0,0,0,0.31332,0.31307,0.31505,0.31733,0.40055,0.40005,0.41151,0.42118,0.00134,0.00141,0.00145,0.00148,0.00401,0.00462,0.0044,0.00427,NA
2012-02-01,2012,32,21,thompsonfarm2N_2012_02_01_120606.jpg,138.3458,113.18637,112.1934,0.31119,0.38036,141.0397,9.37562,113.88656,5.88319,112.34886,7.33764,0.31007,0.00266,0.31026,0.31103,0.31204,0.3839,0.01255,0.38177,0.38873,0.39016,30.05594,5,0,0,0,0,0.31383,0.31375,0.31572,0.31766,0.40078,0.40023,0.41166,0.42137,0.00134,0.00141,0.00145,0.00148,0.00405,0.00465,0.00445,0.00432,NA
2012-02-04,2012,35,23,thompsonfarm2N_2012_02_04_120331.jpg,153.9999,121.78047,107.31078,0.31789,0.40199,152.7564,14.02331,119.06831,9.11924,104.94594,4.9913,0.31588,0.00294,0.31623,0.31766,0.31852,0.40493,0.01293,0.40348,0.41287,0.42068,30.95192,4,0,0,0,0,0.31408,0.31404,0.31598,0.31763,0.40111,0.40044,0.41192,0.42179,0.00128,0.00135,0.00139,0.00142,0.00402,0.00462,0.00441,0.00427,NA
2012-02-07,2012,38,24,thompsonfarm2N_2012_02_07_120346.jpg,165.3336,122.41867,101.09217,0.31483,0.42519,149.7837,16.05302,116.92968,9.46148,103.8971,4.26595,0.31531,0.00374,0.31532,0.31798,0.32027,0.40325,0.01669,0.40155,0.41302,0.42583,31.87895,4,0,0,0,0,0.31428,0.31425,0.3162,0.31757,0.40162,0.40075,0.41235,0.42247,0.00134,0.00141,0.00145,0.00148,0.00396,0.00457,0.00435,0.00419,NA
2012-02-10,2012,41,25,thompsonfarm2N_2012_02_10_120352.jpg,161.1774,119.45072,100.53419,0.31339,0.42286,149.8964,12.69766,114.77832,7.74759,100.32649,4.8292,0.31435,0.003,0.31339,0.31669,0.31864,0.41022,0.01348,0.4061,0.42229,0.42729,32.84518,4,0,0,0,0,0.31452,0.31432,0.31648,0.31786,0.40224,0.40113,0.41288,0.42327,0.00134,0.00141,0.00145,0.00148,0.00394,0.00455,0.00432,0.00415,NA
2012-02-13,2012,44,27,thompsonfarm2N_2012_02_13_120237.jpg,143.2107,108.55955,93.17079,0.31472,0.41517,149.9273,13.17514,114.08066,8.10248,99.53434,6.21702,0.31372,0.00243,0.31375,0.31517,0.31679,0.412,0.01376,0.40808,0.42149,0.43047,33.84141,4,0,0,0,0,0.31501,0.31472,0.31697,0.31832,0.40287,0.40151,0.41342,0.42409,0.00128,0.00135,0.00139,0.00142,0.00397,0.00458,0.00435,0.00419,NA
2012-02-16,2012,47,27,thompsonfarm2N_2012_02_16_120419.jpg,138.3012,105.57267,91.86016,0.31445,0.41194,138.2202,9.54482,108.09353,4.25764,97.2249,6.75145,0.31463,0.00182,0.31435,0.31545,0.31643,0.40213,0.01827,0.40091,0.41291,0.42007,34.87307,4,0,0,0,0,0.31537,0.31499,0.3173,0.31866,0.40343,0.40187,0.41391,0.4248,0.00134,0.00141,0.00145,0.00148,0.00403,0.00464,0.00442,0.00427,NA
2012-02-19,2012,50,27,thompsonfarm2N_2012_02_19_120405.jpg,157.6539,116.29316,96.67129,0.31378,0.42538,155.6278,12.16002,116.01768,7.03661,95.17245,4.26513,0.31625,0.00274,0.31533,0.31921,0.3202,0.42385,0.01183,0.42538,0.43173,0.43914,35.93759,4,0,0,0,0,0.31517,0.31482,0.31696,0.31834,0.40382,0.40216,0.41426,0.42528,0.00134,0.00141,0.00145,0.00148,0.00406,0.00467,0.00446,0.00432,NA
2012-02-22,2012,53,27,thompsonfarm2N_2012_02_22_120350.jpg,160.9011,118.45244,96.86322,0.31485,0.42768,148.3621,14.91907,113.11157,7.66749,97.60435,6.79916,0.31495,0.0031,0.31485,0.31729,0.3183,0.41247,0.01984,0.4108,0.42736,0.43794,37.00021,4,0,0,0,0,0.31445,0.31406,0.31616,0.31767,0.40418,0.40247,0.4146,0.4257,0.00128,0.00135,0.00139,0.00142,0.00403,0.00464,0.00442,0.00427,NA
2012-02-25,2012,56,27,thompsonfarm2N_2012_02_25_120446.jpg,151.4464,115.59545,100.10697,0.31485,0.41249,143.7693,15.66194,111.78972,8.02979,98.68935,4.24922,0.31558,0.00202,0.31539,0.3167,0.31856,0.40486,0.01697,0.40354,0.41594,0.42927,38.12436,4,0,0,0,0,0.31377,0.31336,0.31544,0.3171,0.40465,0.40288,0.41505,0.42627,0.00134,0.00141,0.00145,0.00148,0.00397,0.00458,0.00435,0.00418,NA
2012-02-28,2012,59,27,thompsonfarm2N_2012_02_28_120433.jpg,160.5156,117.90123,96.84126,0.31419,0.42775,144.4326,14.20512,111.29092,7.24836,96.98987,4.08845,0.31546,0.00254,0.31586,0.3163,0.31847,0.40866,0.01742,0.40499,0.42507,0.42935,39.24667,4,0,0,0,0,0.3131,0.31264,0.31482,0.3167,0.40517,0.40335,0.41556,0.42689,0.00134,0.00141,0.00145,0.00148,0.00394,0.00456,0.00432,0.00413,NA
2012-03-02,2012,62,27,thompsonfarm2N_2012_03_02_120352.jpg,164.7149,135.61068,144.77483,0.30467,0.37006,146.6768,13.82406,121.7483,11.85116,129.21561,17.37787,0.30643,0.00349,0.30473,0.30887,0.31197,0.36951,0.01369,0.36481,0.36973,0.39393,40.39541,5,0,0,0,0,0.31306,0.31271,0.31491,0.31675,0.40567,0.40382,0.41605,0.42748,0.00128,0.00135,0.00139,0.00142,0.00396,0.00458,0.00435,0.00416,NA
2012-03-05,2012,65,27,thompsonfarm2N_2012_03_05_120435.jpg,159.5284,120.73579,104.98852,0.31339,0.41409,147.8473,13.8632,113.48235,8.63038,100.87239,6.2605,0.31322,0.00177,0.31307,0.31484,0.31539,0.40769,0.01427,0.40416,0.41693,0.42895,41.54525,4,0,0,0,0,0.3135,0.31328,0.31544,0.31723,0.40609,0.40423,0.41647,0.42794,0.00134,0.00141,0.00145,0.00148,0.00402,0.00463,0.00442,0.00424,NA
2012-03-08,2012,68,27,thompsonfarm2N_2012_03_08_120406.jpg,152.1,122.51394,106.30382,0.32163,0.3993,149.9899,14.875,114.80415,8.8056,96.59128,6.72822,0.31759,0.00299,0.31727,0.3194,0.3215,0.41444,0.01691,0.41497,0.4282,0.43463,42.70844,4,0,0,0,0,0.31509,0.31501,0.31713,0.31878,0.40636,0.40452,0.41676,0.4282,0.00134,0.00141,0.00145,0.00148,0.00406,0.00466,0.00445,0.00429,NA
2012-03-11,2012,71,29,thompsonfarm2N_2012_03_11_120326.jpg,158.414,120.023,99.56989,0.31752,0.41908,150.8961,12.09665,114.34414,7.75954,96.33252,10.19433,0.31622,0.00431,0.3164,0.31936,0.3213,0.4173,0.0183,0.41908,0.4305,0.43918,43.88212,4,0,0,0,0,0.31782,0.31781,0.31975,0.32144,0.4065,0.40479,0.41693,0.4282,0.00128,0.00135,0.00139,0.00142,0.00402,0.00463,0.00441,0.00424,NA
2012-03-14,2012,74,30,thompsonfarm2N_2012_03_14_120405.jpg,124.022,106.14209,97.16879,0.32426,0.37889,135.9864,15.40799,110.01897,7.42479,95.54442,4.95145,0.32207,0.00318,0.32306,0.3241,0.32442,0.39709,0.02073,0.39245,0.40066,0.43315,45.04856,1,0,0,0,0,0.32084,0.32089,0.32264,0.32438,0.40655,0.40514,0.41703,0.428,0.00134,0.00141,0.00145,0.00148,0.00396,0.00458,0.00434,0.00416,NA
2012-03-17,2012,77,30,thompsonfarm2N_2012_03_17_120313.jpg,139.4711,111.10472,91.70074,0.32461,0.40748,141.9126,14.92367,112.17848,8.40606,93.3139,7.50683,0.32285,0.00193,0.32329,0.32403,0.32532,0.40791,0.02049,0.40665,0.4239,0.43505,46.23224,4,0,0,0,0,0.32383,0.3239,0.32552,0.32734,0.40655,0.40552,0.41709,0.42768,0.00134,0.00141,0.00145,0.00148,0.00393,0.00455,0.00431,0.00412,NA
2012-03-20,2012,80,30,thompsonfarm2N_2012_03_20_120358.jpg,158.7467,119.93735,92.6735,0.32297,0.42748,145.8852,15.64482,112.88461,9.62905,87.49229,6.24837,0.32608,0.00292,0.32484,0.3268,0.33123,0.42063,0.01303,0.42322,0.43122,0.43423,47.40868,2,0,0,0,0,0.32584,0.32582,0.32754,0.32934,0.40651,0.40586,0.41712,0.4273,0.00128,0.00135,0.00139,0.00142,0.00395,0.00458,0.00433,0.00416,NA
2012-03-23,2012,83,30,thompsonfarm2N_2012_03_23_120356.jpg,152.2164,119.39432,93.01997,0.32744,0.41745,141.553,13.03945,112.8114,8.04992,89.03008,4.89519,0.32852,0.00205,0.32776,0.32973,0.33099,0.41167,0.01136,0.41217,0.41828,0.42511,48.55923,2,0,0,0,0,0.32734,0.3272,0.32905,0.33083,0.40645,0.40613,0.41713,0.42693,0.00134,0.00141,0.00145,0.00148,0.004,0.00464,0.00439,0.00424,NA
2012-03-26,2012,86,32,thompsonfarm2N_2012_03_26_120356.jpg,144.6995,122.8091,101.74906,0.33258,0.39187,140.695,13.06221,116.75368,7.10527,97.45986,4.99967,0.32896,0.00365,0.32981,0.33195,0.33317,0.39581,0.01761,0.3943,0.41102,0.41961,49.71021,2,0,0,0,0,0.32786,0.32759,0.32962,0.33131,0.40638,0.40626,0.41714,0.42665,0.00134,0.00141,0.00145,0.00148,0.00403,0.00467,0.00443,0.00429,NA
2012-03-29,2012,89,33,thompsonfarm2N_2012_03_29_120405.jpg,125.9386,112.69664,101.84593,0.33099,0.36988,135.5715,10.79287,114.0115,5.65734,97.86389,5.17604,0.32813,0.00283,0.32783,0.33044,0.33166,0.38978,0.01644,0.38485,0.40079,0.41708,50.88032,2,0,0,0,0,0.3274,0.3271,0.32921,0.33072,0.40633,0.40632,0.41718,0.42641,0.00128,0.00135,0.00139,0.00142,0.004,0.00464,0.00439,0.00424,NA
2012-04-01,2012,92,33,thompsonfarm2N_2012_04_01_120209.jpg,126.1752,103.39314,87.81095,0.32577,0.39755,135.504,11.35287,110.8531,6.52083,93.51331,6.38995,0.32607,0.00318,0.32591,0.32769,0.32843,0.39831,0.01861,0.40125,0.41257,0.42073,52.01317,2,0,0,0,0,0.32677,0.32647,0.3286,0.32996,0.40631,0.4064,0.41725,0.42614,0.00134,0.00141,0.00145,0.00148,0.00395,0.00461,0.00434,0.00416,NA
2012-04-04,2012,95,33,thompsonfarm2N_2012_04_04_120315.jpg,154.5409,119.49451,92.17507,0.3263,0.422,142.8815,10.45351,113.38658,6.43714,91.40666,4.56192,0.32609,0.00326,0.32523,0.32769,0.33035,0.41061,0.01149,0.41006,0.42101,0.42338,53.13076,2,0,0,0,0,0.32636,0.32603,0.32797,0.32944,0.40628,0.40646,0.41732,0.42584,0.00134,0.00141,0.00145,0.00148,0.00393,0.0046,0.00431,0.00412,NA
2012-04-07,2012,98,33,thompsonfarm2N_2012_04_07_120242.jpg,135.9563,107.98164,88.27437,0.32504,0.40925,138.3562,10.35783,111.63437,6.28495,93.92645,5.45884,0.32456,0.00262,0.32436,0.32514,0.32619,0.402,0.01342,0.40196,0.41333,0.41983,54.24976,2,0,0,0,0,0.32696,0.32661,0.32834,0.33004,0.4062,0.40647,0.41735,0.4255,0.00128,0.00135,0.00139,0.00142,0.00396,0.00464,0.00435,0.00416,NA
2012-04-10,2012,101,33,thompsonfarm2N_2012_04_10_120207.jpg,150.216,116.94948,89.83074,0.32759,0.42078,140.0047,12.67235,112.53469,7.27799,91.61273,4.19851,0.3269,0.00279,0.32643,0.3287,0.33043,0.40615,0.01502,0.4063,0.41484,0.42558,55.33382,2,0,0,0,0,0.32782,0.32747,0.32899,0.33097,0.40603,0.40641,0.4173,0.42514,0.00134,0.00141,0.00145,0.00148,0.00402,0.0047,0.00441,0.00424,NA
2012-04-13,2012,104,33,thompsonfarm2N_2012_04_13_120150.jpg,151.7588,117.35934,87.41329,0.32917,0.42565,139.7784,11.38597,111.01722,6.45579,86.04256,3.21699,0.32951,0.00319,0.32934,0.33046,0.33328,0.41441,0.01447,0.41621,0.42515,0.42926,56.39979,2,0,0,0,0,0.32935,0.32921,0.3306,0.33276,0.40575,0.40623,0.41713,0.42475,0.00134,0.00141,0.00145,0.00148,0.00405,0.00473,0.00445,0.00429,NA
2012-04-16,2012,107,33,thompsonfarm2N_2012_04_16_120203.jpg,148.4564,117.35485,85.61046,0.33394,0.42245,137.6153,15.05603,110.58611,8.75789,83.67194,3.53278,0.33321,0.003,0.33316,0.33436,0.33739,0.41363,0.01572,0.41848,0.42245,0.42932,57.43215,2,0,0,0,0,0.33064,0.33068,0.33206,0.33446,0.40536,0.40592,0.41687,0.42436,0.00128,0.00135,0.00139,0.00142,0.00402,0.00468,0.00442,0.00425,NA
2012-04-19,2012,110,33,thompsonfarm2N_2012_04_19_120143.jpg,150.8847,120.32037,87.77277,0.33517,0.42032,138.4664,11.41537,111.49199,7.35741,84.64048,3.45177,0.33313,0.00235,0.33325,0.33459,0.33521,0.41333,0.01127,0.41552,0.42123,0.42483,58.4426,2,0,0,0,0,0.33187,0.33209,0.33348,0.33606,0.4049,0.4055,0.41659,0.42398,0.00134,0.00141,0.00145,0.00148,0.00397,0.00461,0.00436,0.00419,NA
2012-04-22,2012,113,33,thompsonfarm2N_2012_04_22_120212.jpg,118.1757,106.76849,90.71155,0.33824,0.37438,124.2446,16.27909,105.77729,9.78714,88.77071,5.33668,0.33155,0.00564,0.33271,0.33434,0.33818,0.38846,0.02199,0.37864,0.40876,0.42161,59.4253,1,0,0,0,0,0.33232,0.33265,0.33399,0.33662,0.40439,0.40502,0.41627,0.42359,0.00134,0.00141,0.00145,0.00148,0.00396,0.00458,0.00434,0.00418,NA
2012-04-25,2012,116,33,thompsonfarm2N_2012_04_25_120417.jpg,154.7433,123.06989,89.68865,0.33488,0.42107,139.794,14.70328,113.3452,9.00841,87.82357,4.17229,0.33228,0.00309,0.33251,0.33381,0.3358,0.40911,0.01636,0.41232,0.42107,0.42437,60.29826,2,0,0,0,0,0.3325,0.33292,0.33427,0.33668,0.40384,0.4045,0.41592,0.42316,0.00128,0.00135,0.00139,0.00142,0.00399,0.00459,0.00438,0.00424,NA
2012-04-28,2012,119,33,thompsonfarm2N_2012_04_28_120224.jpg,136.8404,121.28061,100.4621,0.33822,0.38161,140.2276,10.22302,113.60571,6.99489,87.72062,4.45032,0.33252,0.00328,0.33198,0.33401,0.33801,0.41026,0.01228,0.41487,0.4173,0.41988,61.28841,2,0,0,0,0,0.33272,0.33319,0.33463,0.33679,0.40327,0.404,0.41551,0.42265,0.00134,0.00141,0.00145,0.00148,0.00404,0.00464,0.00444,0.00433,NA
2012-05-01,2012,122,33,thompsonfarm2N_2012_05_01_120447.jpg,116.7118,99.49351,84.48581,0.33088,0.38815,127.8318,10.67651,105.97147,6.39001,85.61651,4.83174,0.33164,0.00388,0.33303,0.33392,0.33489,0.39976,0.01681,0.40267,0.41003,0.42255,62.05606,1,0,0,0,0,0.33344,0.33388,0.33562,0.33758,0.40269,0.40355,0.41505,0.42205,0.00134,0.00141,0.00145,0.00148,0.00406,0.00467,0.00446,0.00437,NA
2012-05-04,2012,125,33,thompsonfarm2N_2012_05_04_120151.jpg,122.0627,104.1469,83.78763,0.33596,0.39375,127.8114,7.88006,106.886,3.76082,84.32148,3.67289,0.33506,0.00218,0.33504,0.33616,0.3374,0.40034,0.01325,0.40069,0.40802,0.41787,63.02431,2,0,0,0,0,0.33489,0.33525,0.33733,0.33933,0.40196,0.4031,0.41444,0.42128,0.00128,0.00135,0.00139,0.00142,0.00402,0.00464,0.00441,0.0043,NA
2012-05-07,2012,128,33,thompsonfarm2N_2012_05_07_120154.jpg,145.685,113.93988,79.99768,0.33549,0.42896,130.2165,12.28192,108.58961,6.38306,82.67273,5.31968,0.33774,0.00401,0.33798,0.3411,0.34278,0.40449,0.02124,0.40903,0.42719,0.42964,63.82061,2,0,0,0,0,0.33656,0.33682,0.33924,0.3413,0.40102,0.40258,0.41364,0.42034,0.00134,0.00141,0.00145,0.00148,0.00395,0.00458,0.00434,0.00419,NA
2012-05-10,2012,131,33,thompsonfarm2N_2012_05_10_120138.jpg,131.3526,112.02995,82.76952,0.34349,0.40273,121.4761,12.21557,105.31547,7.47101,84.4384,4.07135,0.3382,0.00631,0.33928,0.34287,0.3445,0.38949,0.01901,0.38976,0.40273,0.41284,64.59309,2,0,0,0,0,0.33846,0.33869,0.3413,0.34359,0.39997,0.402,0.41274,0.41931,0.00134,0.00141,0.00145,0.00148,0.00393,0.00451,0.00431,0.00413,NA
2012-05-13,2012,134,15,thompsonfarm2N_2012_05_12_170136.jpg,133.6794,112.87374,80.2661,0.34537,0.40903,132.4017,10.86583,108.55538,7.42434,78.9389,3.5252,0.33924,0.00381,0.33834,0.34111,0.3447,0.41348,0.01085,0.41333,0.42424,0.42619,64.83436,NA,0,0,0,0,0.34031,0.34047,0.3432,0.34564,0.39892,0.40136,0.41183,0.41828,0.00128,0.00135,0.00139,0.00142,0.00397,0.00446,0.00436,0.00416,NA
2012-05-16,2012,137,33,thompsonfarm2N_2012_05_16_120146.jpg,126.4491,112.96281,82.61445,0.35079,0.39267,126.9177,11.9206,109.21184,7.87885,81.70617,4.45586,0.34346,0.00537,0.34343,0.34661,0.35076,0.39875,0.01685,0.40528,0.41021,0.41721,65.96729,2,0,0,0,0,0.34195,0.34204,0.34486,0.34744,0.39799,0.4007,0.411,0.41735,0.00134,0.00141,0.00145,0.00148,0.00405,0.00445,0.00444,0.00425,NA
2012-05-19,2012,140,34,thompsonfarm2N_2012_05_19_120201.jpg,146.105,118.33869,80.37542,0.34319,0.42371,136.1009,12.60622,111.55998,9.47597,78.46065,3.38072,0.34186,0.00374,0.34264,0.34383,0.34567,0.41682,0.0079,0.41844,0.42385,0.42561,66.63071,2,0,0,0,0,0.34316,0.34324,0.34601,0.34851,0.3973,0.40002,0.41035,0.41658,0.00134,0.00141,0.00145,0.00148,0.0041,0.00449,0.0045,0.00431,NA
2012-05-22,2012,143,36,thompsonfarm2N_2012_05_22_120154.jpg,128.8965,119.19204,88.80728,0.35379,0.3826,126.2033,14.46351,110.25674,8.18098,83.76164,4.32055,0.34423,0.00436,0.34407,0.34697,0.34871,0.3931,0.0215,0.39553,0.41323,0.42115,67.20473,2,0,0,0,0,0.34333,0.34343,0.34636,0.34877,0.39669,0.39934,0.40977,0.41585,0.00128,0.00135,0.00139,0.00142,0.0041,0.00457,0.0045,0.00429,NA
2012-05-25,2012,146,36,thompsonfarm2N_2012_05_25_120145.jpg,124.9951,115.09755,88.48153,0.35029,0.38042,128.5626,12.7441,111.87184,8.95127,84.6924,5.53507,0.34389,0.0043,0.34425,0.34761,0.34895,0.39492,0.01785,0.39833,0.40875,0.41626,67.74581,2,0,0,0,0,0.3431,0.34322,0.3463,0.34859,0.39602,0.39868,0.40911,0.415,0.00134,0.00141,0.00145,0.00148,0.0041,0.00468,0.0045,0.00429,NA
2012-05-28,2012,149,36,thompsonfarm2N_2012_05_28_120204.jpg,146.7243,120.26307,85.09142,0.34158,0.41674,128.0633,15.63704,111.76233,9.49194,85.04016,5.05785,0.34387,0.00478,0.34339,0.34738,0.35004,0.3931,0.02218,0.39928,0.4132,0.41847,68.21203,2,0,0,0,0,0.34209,0.34222,0.3455,0.34782,0.39533,0.39804,0.40843,0.41412,0.00134,0.00141,0.00145,0.00148,0.00414,0.0048,0.00455,0.00435,NA
2012-05-31,2012,152,36,thompsonfarm2N_2012_05_31_120149.jpg,106.2417,100.56079,83.49515,0.34641,0.36598,127.285,13.41821,111.54482,8.87102,87.23808,5.44143,0.34191,0.00479,0.34293,0.34477,0.34703,0.38969,0.01878,0.38848,0.40456,0.41409,68.64954,2,0,0,0,0,0.34115,0.34127,0.34451,0.34697,0.39467,0.39745,0.40776,0.41332,0.0013,0.00136,0.0014,0.00144,0.00423,0.0049,0.00464,0.00447,NA
2012-06-03,2012,155,36,thompsonfarm2N_2012_06_03_120154.jpg,113.5155,99.96459,92.28739,0.32693,0.37125,113.7062,8.79964,103.79452,7.39549,92.327,5.25599,0.33489,0.00707,0.33425,0.3399,0.34412,0.36675,0.01091,0.36884,0.37418,0.37916,69.0313,1,0,0,0,0,0.34028,0.3404,0.34353,0.34612,0.3941,0.39692,0.40715,0.41269,0.00136,0.00143,0.00147,0.00151,0.00428,0.00494,0.0047,0.00455,NA
2012-06-06,2012,158,36,thompsonfarm2N_2012_06_06_120204.jpg,130.701,112.01152,88.10048,0.33859,0.39509,130.4574,11.59068,115.48107,7.9306,92.51349,5.03448,0.34104,0.00381,0.34147,0.34338,0.34537,0.38497,0.01562,0.38074,0.39694,0.40706,69.33929,2,0,0,0,0,0.33989,0.34008,0.3429,0.34542,0.3936,0.39634,0.40657,0.41225,0.00138,0.00144,0.00149,0.00152,0.00426,0.00492,0.00468,0.00453,NA
2012-06-09,2012,161,36,thompsonfarm2N_2012_06_09_120137.jpg,149.927,123.40323,89.1361,0.34045,0.41363,134.681,14.90541,114.60785,9.34415,87.41396,4.52392,0.34021,0.00321,0.34031,0.34147,0.34363,0.399,0.01867,0.40671,0.41235,0.41628,69.60222,2,0,0,0,0,0.33989,0.34019,0.34262,0.34501,0.39312,0.39564,0.40595,0.41193,0.00142,0.00149,0.00153,0.00157,0.00422,0.00488,0.00463,0.00448,NA
2012-06-12,2012,164,36,thompsonfarm2N_2012_06_12_120156.jpg,148.3613,122.0481,87.91236,0.34061,0.41404,125.0676,9.95263,112.33915,6.41977,90.04275,4.08777,0.34297,0.00407,0.34381,0.34608,0.34722,0.38156,0.01562,0.38252,0.39457,0.40287,69.80966,2,0,0,0,0,0.34105,0.34147,0.34351,0.34551,0.39266,0.39488,0.40532,0.41169,0.00139,0.00145,0.0015,0.00153,0.00422,0.00487,0.00463,0.00448,NA
2012-06-15,2012,167,36,thompsonfarm2N_2012_06_15_120156.jpg,130.2259,113.10565,91.89339,0.3374,0.38847,132.5904,12.60772,114.23638,9.20161,87.74719,5.28907,0.34122,0.00458,0.34153,0.34405,0.34647,0.39583,0.01554,0.39494,0.41086,0.41501,69.95997,2,0,0,0,0,0.34202,0.34257,0.34443,0.34614,0.39223,0.39414,0.40469,0.41147,0.00152,0.00159,0.00164,0.00168,0.00427,0.00492,0.00469,0.00457,NA
2012-06-18,2012,170,31,thompsonfarm2N_2012_06_18_120214.jpg,146.0749,128.55167,95.44177,0.34737,0.39472,134.7701,12.67784,117.43886,8.86007,89.78951,4.89979,0.34323,0.00326,0.34394,0.34537,0.34683,0.39351,0.01482,0.39472,0.40449,0.41429,70.03833,2,0,0,0,0,0.34286,0.34353,0.3453,0.34676,0.39181,0.39347,0.4041,0.41122,0.00174,0.00183,0.00188,0.00193,0.00436,0.005,0.00478,0.00469,NA
2012-06-21,2012,173,0,None,NA,NA,NA,NA,NA,NA,NA,NA,NA,NA,NA,NA,NA,NA,NA,NA,NA,NA,NA,NA,NA,NA,NA,0,0,0,0,0.34286,0.34364,0.34569,0.34709,0.39141,0.39295,0.40355,0.41089,0.00193,0.00202,0.00208,0.00213,0.0044,0.00504,0.00483,0.00476,NA
2012-06-24,2012,176,0,None,NA,NA,NA,NA,NA,NA,NA,NA,NA,NA,NA,NA,NA,NA,NA,NA,NA,NA,NA,NA,NA,NA,NA,0,0,0,0,0.34282,0.34355,0.34586,0.34721,0.39105,0.3925,0.40299,0.41056,0.00181,0.00189,0.00195,0.002,0.00436,0.00501,0.00479,0.0047,NA
2012-06-27,2012,179,0,None,NA,NA,NA,NA,NA,NA,NA,NA,NA,NA,NA,NA,NA,NA,NA,NA,NA,NA,NA,NA,NA,NA,NA,0,0,0,0,0.34271,0.34338,0.34593,0.34727,0.39072,0.392,0.40237,0.41033,0.00193,0.00202,0.00208,0.00213,0.00428,0.00493,0.0047,0.00459,NA
2012-06-30,2012,182,30,thompsonfarm2N_2012_06_30_120141.jpg,148.2475,124.34258,90.27287,0.34267,0.40855,139.4375,15.17823,118.84499,11.64324,88.66643,8.8067,0.3424,0.00514,0.34315,0.34623,0.34693,0.40137,0.01353,0.40367,0.40948,0.41477,69.79581,2,0,0,0,0,0.34273,0.34333,0.34588,0.34737,0.39042,0.3915,0.40173,0.41016,0.00174,0.00183,0.00188,0.00193,0.00424,0.00489,0.00465,0.00452,NA
2012-07-03,2012,185,24,thompsonfarm2N_2012_07_03_120147.jpg,153.9637,127.46609,90.23119,0.34296,0.41426,136.1757,18.53987,116.90295,13.74856,88.4557,6.87296,0.34189,0.00504,0.34306,0.34486,0.3471,0.39764,0.01711,0.40061,0.41055,0.415,69.64835,2,0,0,0,0,0.34284,0.34345,0.34591,0.3475,0.39016,0.39105,0.40113,0.41,0.00152,0.00159,0.00164,0.00168,0.00425,0.00491,0.00467,0.00454,NA
2012-07-06,2012,188,29,thompsonfarm2N_2012_07_06_120242.jpg,144.183,127.23615,92.27708,0.34984,0.39644,130.7997,14.12088,116.03254,9.30009,89.19775,4.72913,0.34513,0.00363,0.34457,0.34786,0.34942,0.38844,0.01757,0.38953,0.39728,0.41596,69.28234,2,0,0,0,0,0.34296,0.34357,0.34591,0.34762,0.38994,0.39067,0.40062,0.40983,0.00139,0.00145,0.0015,0.00153,0.00431,0.00496,0.00473,0.00461,NA
2012-07-09,2012,191,36,thompsonfarm2N_2012_07_09_120201.jpg,132.5238,117.61235,97.96627,0.33787,0.3807,133.5088,16.0954,113.96597,11.90474,85.66816,5.12731,0.34177,0.00504,0.34269,0.34459,0.34635,0.39982,0.01333,0.40405,0.40871,0.41368,69.0817,2,0,0,0,0,0.34318,0.34382,0.34599,0.34775,0.38976,0.39042,0.40026,0.40961,0.00142,0.00149,0.00153,0.00157,0.00434,0.00499,0.00476,0.00465,NA
2012-07-12,2012,194,36,thompsonfarm2N_2012_07_12_120149.jpg,119.585,109.60447,92.84062,0.34035,0.37135,135.4834,15.64744,115.13762,11.72863,85.12664,4.75888,0.34259,0.00488,0.34355,0.34497,0.34737,0.40269,0.01289,0.40489,0.41376,0.41629,68.72514,2,0,0,0,0,0.34307,0.34372,0.3459,0.34762,0.38958,0.39024,0.39993,0.40921,0.00138,0.00144,0.00149,0.00152,0.00429,0.00494,0.0047,0.00457,NA
2012-07-15,2012,197,36,thompsonfarm2N_2012_07_15_120133.jpg,142.7927,119.45408,86.57413,0.34245,0.40936,129.6889,14.25526,114.74133,9.97906,89.06336,4.73841,0.34387,0.00428,0.34446,0.34704,0.34796,0.38808,0.01521,0.38463,0.39881,0.40989,68.29382,2,0,0,0,0,0.34288,0.34353,0.34579,0.3474,0.38937,0.39009,0.39953,0.40862,0.00136,0.00143,0.00147,0.00151,0.0042,0.00486,0.00461,0.00444,NA
2012-07-18,2012,200,36,thompsonfarm2N_2012_07_18_120141.jpg,127.7655,118.04585,94.88055,0.34649,0.37502,128.0851,14.98204,114.65469,11.07896,90.98682,5.23741,0.3433,0.00447,0.34419,0.34671,0.3479,0.38294,0.01448,0.38323,0.39387,0.40314,67.76673,2,0,0,0,0,0.34276,0.34337,0.3457,0.34712,0.38917,0.38998,0.39913,0.40794,0.00134,0.00141,0.00145,0.00148,0.00413,0.0048,0.00453,0.00434,NA
2012-07-21,2012,203,36,thompsonfarm2N_2012_07_21_120150.jpg,148.1047,123.48549,90.81915,0.34073,0.40867,133.4523,13.76979,115.44263,10.08526,88.78158,4.8637,0.34165,0.00437,0.3422,0.34455,0.34622,0.39458,0.01324,0.39803,0.40613,0.41009,67.25858,2,0,0,0,0,0.34274,0.34332,0.34573,0.34702,0.38902,0.38992,0.39879,0.40731,0.00128,0.00135,0.00139,0.00142,0.00411,0.00478,0.00451,0.00431,NA
2012-07-24,2012,206,36,thompsonfarm2N_2012_07_24_120214.jpg,121.5859,110.37086,92.94338,0.33971,0.37423,134.2096,14.91192,115.61456,10.65684,88.23451,4.9061,0.34176,0.00435,0.34178,0.34489,0.34641,0.39618,0.01433,0.40051,0.40799,0.4112,66.65238,2,0,0,0,0,0.34266,0.34321,0.3457,0.34692,0.38895,0.38992,0.39859,0.40682,0.00134,0.00141,0.00145,0.00148,0.00413,0.00481,0.00453,0.00433,NA
2012-07-27,2012,209,36,thompsonfarm2N_2012_07_27_120146.jpg,114.9626,107.9279,90.45383,0.34444,0.36689,121.6386,9.02183,111.415,7.06256,91.51825,5.23729,0.34315,0.00339,0.34403,0.34579,0.34671,0.37458,0.01248,0.37156,0.38413,0.39158,66.00364,2,0,0,0,0,0.34236,0.34296,0.34548,0.34682,0.38899,0.39,0.39859,0.4066,0.00134,0.00141,0.00145,0.00148,0.00414,0.00481,0.00454,0.00434,NA
2012-07-30,2012,212,36,thompsonfarm2N_2012_07_30_120150.jpg,142.1324,126.0046,95.6295,0.34639,0.39072,125.3365,12.90305,113.33922,8.87352,91.56795,5.36257,0.34305,0.00356,0.34314,0.34569,0.34655,0.37889,0.0163,0.37498,0.39078,0.40629,65.30933,2,0,0,0,0,0.34193,0.34259,0.34507,0.34658,0.38905,0.39017,0.39866,0.40642,0.00128,0.00135,0.00139,0.00142,0.00408,0.00476,0.00448,0.00427,NA
2012-08-02,2012,215,34,thompsonfarm2N_2012_08_02_120140.jpg,138.8435,124.2231,95.61613,0.34633,0.38709,127.0848,14.58088,112.42627,11.23765,89.25226,5.85137,0.34161,0.0059,0.34301,0.34576,0.34755,0.38589,0.01471,0.3853,0.39201,0.41068,64.55911,2,0,0,0,0,0.34149,0.34218,0.34461,0.34628,0.38904,0.39041,0.39868,0.40609,0.00134,0.00141,0.00145,0.00148,0.004,0.00468,0.00439,0.00417,NA
2012-08-05,2012,218,29,thompsonfarm2N_2012_08_05_120134.jpg,142.9783,125.60625,94.54949,0.3459,0.39373,128.6794,17.0995,112.84207,12.16231,89.86025,6.5562,0.34027,0.00423,0.3411,0.34314,0.34593,0.38721,0.01789,0.3924,0.40007,0.40805,63.7741,2,0,0,0,0,0.34109,0.34171,0.34413,0.34589,0.38902,0.39071,0.39872,0.40573,0.00134,0.00141,0.00145,0.00148,0.00395,0.00462,0.00433,0.00413,NA
2012-08-08,2012,221,28,thompsonfarm2N_2012_08_08_120134.jpg,144.4781,126.24638,96.80988,0.3435,0.3931,132.2329,15.22572,114.4238,12.17463,89.44845,5.87476,0.34009,0.00478,0.34064,0.34352,0.34532,0.39275,0.01134,0.39398,0.39847,0.40694,62.93371,2,0,0,0,0,0.34068,0.34116,0.34364,0.34543,0.38904,0.39103,0.39881,0.40547,0.00128,0.00135,0.00139,0.00142,0.00396,0.00461,0.00434,0.00418,NA
2012-08-11,2012,224,29,thompsonfarm2N_2012_08_11_120202.jpg,123.8634,112.75401,91.88487,0.34324,0.37705,118.3584,9.68018,108.21093,6.77484,91.63605,4.09091,0.33998,0.00383,0.34026,0.34271,0.34413,0.37154,0.01313,0.37118,0.38027,0.3877,62.05902,2,0,0,0,0,0.34028,0.34062,0.34315,0.34495,0.38915,0.39136,0.39903,0.40543,0.00134,0.00141,0.00145,0.00148,0.00401,0.00464,0.0044,0.0043,NA
2012-08-14,2012,227,4,thompsonfarm2N_2012_08_15_140259.jpg,153.3401,129.07773,96.53366,0.34062,0.40464,141.5213,10.49244,121.1418,6.81302,92.95235,2.12101,0.3406,0.00248,0.33988,0.34162,0.34341,0.39751,0.00903,0.40141,0.40464,0.40465,48.793,NA,0,0,0,0,0.34006,0.34029,0.3428,0.34453,0.38939,0.39167,0.39943,0.40574,0.00134,0.00141,0.00145,0.00148,0.00404,0.00467,0.00444,0.00437,NA
2012-08-17,2012,230,33,thompsonfarm2N_2012_08_17_120154.jpg,136.9837,123.03715,95.7252,0.34586,0.38506,129.0414,10.72642,114.7594,7.92225,92.62231,4.70417,0.34096,0.00423,0.34166,0.34489,0.34636,0.38319,0.01315,0.38276,0.39355,0.3986,60.19153,2,0,0,0,0,0.33987,0.34007,0.34251,0.34432,0.38992,0.39211,0.4002,0.40657,0.00128,0.00135,0.00139,0.00142,0.00402,0.00463,0.00441,0.00434,NA
2012-08-20,2012,233,33,thompsonfarm2N_2012_08_20_120237.jpg,142.444,125.83384,96.41111,0.34504,0.39059,132.2039,13.34982,114.31253,9.56606,90.37049,5.88381,0.33915,0.00401,0.33958,0.3421,0.34363,0.39186,0.01448,0.39059,0.40132,0.4124,59.21717,2,0,0,0,0,0.33977,0.33995,0.34231,0.3442,0.39073,0.39278,0.40137,0.40788,0.00134,0.00141,0.00145,0.00148,0.00397,0.00458,0.00436,0.00425,NA
2012-08-23,2012,236,33,thompsonfarm2N_2012_08_23_120151.jpg,145.938,124.09734,93.20463,0.34164,0.40177,133.9491,16.36012,114.62974,11.14647,88.8268,5.49771,0.33958,0.00362,0.33949,0.34164,0.34412,0.39595,0.01556,0.39923,0.40787,0.4138,58.18917,2,0,0,0,0,0.33968,0.33997,0.34219,0.34424,0.39172,0.39357,0.40276,0.40946,0.00134,0.00141,0.00145,0.00148,0.00395,0.00457,0.00433,0.00419,NA
2012-08-26,2012,239,33,thompsonfarm2N_2012_08_26_120138.jpg,145.077,121.84689,91.06511,0.34036,0.40526,134.331,15.20445,115.01853,11.0023,89.38179,4.85485,0.33929,0.00481,0.34036,0.34211,0.34405,0.39569,0.01391,0.39899,0.4071,0.41038,57.15271,2,0,0,0,0,0.33977,0.34015,0.34225,0.34433,0.39274,0.39438,0.40421,0.41114,0.00128,0.00135,0.00139,0.00142,0.00397,0.00461,0.00436,0.0042,NA
2012-08-29,2012,242,33,thompsonfarm2N_2012_08_29_120514.jpg,144.262,122.04261,92.6827,0.33996,0.40186,136.4469,14.43461,115.74124,9.25679,89.10215,4.59135,0.33903,0.00366,0.33876,0.34046,0.34367,0.39895,0.0155,0.40288,0.41135,0.41297,56.08952,2,0,0,0,0,0.33989,0.34032,0.34231,0.34439,0.39368,0.39508,0.40555,0.41274,0.00134,0.00141,0.00145,0.00148,0.00403,0.00468,0.00443,0.00426,NA
2012-09-01,2012,245,33,thompsonfarm2N_2012_09_01_120148.jpg,143.6362,122.17878,92.18591,0.34128,0.40122,133.329,13.35802,115.78707,8.92423,90.18438,6.09667,0.34114,0.00382,0.34128,0.34407,0.34547,0.39237,0.01733,0.39346,0.40321,0.4162,54.99587,2,0,0,0,0,0.34016,0.34049,0.3424,0.34441,0.39439,0.39557,0.4066,0.41405,0.00134,0.00141,0.00145,0.00148,0.00407,0.00473,0.00447,0.00429,NA
2012-09-04,2012,248,33,thompsonfarm2N_2012_09_04_120152.jpg,119.4209,110.48392,93.23665,0.34191,0.36956,126.4762,12.46619,112.77195,6.91318,92.0199,5.18366,0.34045,0.00281,0.34171,0.34236,0.34367,0.38113,0.01763,0.37798,0.39098,0.41192,53.8858,2,0,0,0,0,0.34018,0.34041,0.34224,0.34416,0.39513,0.39602,0.40772,0.41546,0.00128,0.00135,0.00139,0.00142,0.00404,0.00471,0.00443,0.00424,NA
2012-09-07,2012,251,33,thompsonfarm2N_2012_09_07_120216.jpg,136.2963,122.64958,96.7897,0.34478,0.38314,133.7262,13.51807,116.31511,8.92915,91.57449,6.0396,0.34032,0.00375,0.34034,0.34286,0.34471,0.39089,0.01819,0.38949,0.40767,0.41178,52.74132,2,0,0,0,0,0.34011,0.34023,0.342,0.34381,0.39614,0.39663,0.40925,0.41732,0.00134,0.00141,0.00145,0.00148,0.00398,0.00465,0.00437,0.00416,NA
2012-09-10,2012,254,32,thompsonfarm2N_2012_09_10_120132.jpg,131.131,119.328,96.49847,0.34393,0.37795,136.5456,11.14733,117.40694,6.99356,90.87237,5.55968,0.34045,0.00331,0.33979,0.34211,0.34412,0.39563,0.01563,0.39593,0.40734,0.41683,51.58144,2,0,0,0,0,0.33981,0.33983,0.34148,0.3432,0.39728,0.39731,0.41097,0.41939,0.00134,0.00141,0.00145,0.00148,0.00394,0.00461,0.00433,0.00412,NA
2012-09-13,2012,257,30,thompsonfarm2N_2012_09_13_120143.jpg,145.4237,122.73889,91.46499,0.34129,0.40437,140.835,15.8,116.56379,10.58206,86.6961,5.09425,0.33865,0.00219,0.33872,0.33958,0.34135,0.40842,0.01385,0.40775,0.41942,0.42536,50.4228,2,0,0,0,0,0.33944,0.33945,0.34097,0.34266,0.39839,0.39799,0.41266,0.42142,0.00128,0.00135,0.00139,0.00142,0.00396,0.00461,0.00434,0.00416,NA
2012-09-16,2012,260,30,thompsonfarm2N_2012_09_16_120249.jpg,150.1521,124.23964,92.17297,0.33893,0.40962,140.9759,13.70201,117.55941,7.93673,89.68838,4.97966,0.33755,0.00247,0.33775,0.33885,0.34087,0.40414,0.01716,0.40648,0.41832,0.42363,49.25299,2,0,0,0,0,0.33891,0.33894,0.34038,0.34206,0.39936,0.39857,0.41412,0.42319,0.00134,0.00141,0.00145,0.00148,0.004,0.00465,0.0044,0.00424,NA
2012-09-19,2012,263,30,thompsonfarm2N_2012_09_19_120150.jpg,149.3264,122.52824,89.29316,0.33927,0.41348,138.8578,13.11545,117.1983,6.96308,89.46902,5.2592,0.33918,0.00217,0.33891,0.34063,0.34198,0.40124,0.01892,0.40335,0.41856,0.4239,48.06557,2,0,0,0,0,0.33834,0.33849,0.33996,0.34166,0.40002,0.39897,0.41514,0.42444,0.00134,0.00141,0.00145,0.00148,0.00403,0.00467,0.00443,0.00429,NA
2012-09-22,2012,266,30,thompsonfarm2N_2012_09_22_120137.jpg,133.1787,116.32739,91.98859,0.34064,0.38999,141.6002,14.71967,117.80849,9.45366,88.91185,6.22,0.33808,0.00308,0.33851,0.34005,0.34138,0.40589,0.0185,0.41031,0.42178,0.43056,46.85081,2,0,0,0,0,0.33758,0.33782,0.33947,0.34117,0.40046,0.39923,0.41586,0.42535,0.00128,0.00135,0.00139,0.00142,0.004,0.00464,0.00439,0.00424,NA
2012-09-25,2012,269,30,thompsonfarm2N_2012_09_25_120206.jpg,156.5386,124.02557,88.43008,0.33612,0.42423,140.7258,13.99992,116.75165,8.14572,87.9895,6.19748,0.33787,0.00328,0.33869,0.34043,0.34156,0.40676,0.02002,0.40948,0.42256,0.43747,45.67262,2,0,0,0,0,0.33664,0.33695,0.33882,0.34051,0.40087,0.39942,0.41659,0.42621,0.00134,0.00141,0.00145,0.00148,0.00394,0.00456,0.00433,0.00416,NA
2012-09-28,2012,272,30,thompsonfarm2N_2012_09_28_120231.jpg,122.2073,104.39211,85.0916,0.33492,0.39208,136.4259,15.0291,112.50974,8.55245,88.20616,5.76723,0.33359,0.00373,0.33388,0.33576,0.33919,0.40378,0.02137,0.40703,0.41947,0.42968,44.49418,2,0,0,0,0,0.33521,0.33542,0.33749,0.33928,0.40123,0.39957,0.41727,0.427,0.00134,0.00141,0.00145,0.00148,0.00392,0.00448,0.0043,0.00412,NA
2012-10-01,2012,275,30,thompsonfarm2N_2012_10_01_120201.jpg,148.4719,118.26863,87.59623,0.33377,0.41901,137.959,8.57169,115.44742,5.47079,90.85272,5.29522,0.33527,0.00358,0.3351,0.33814,0.33929,0.40061,0.01607,0.39995,0.41639,0.42198,43.31563,2,0,0,0,0,0.33361,0.33371,0.33582,0.33767,0.40154,0.39966,0.41789,0.42768,0.00128,0.00135,0.00139,0.00142,0.00394,0.0044,0.00433,0.00416,NA
2012-10-04,2012,278,28,thompsonfarm2N_2012_10_04_120202.jpg,133.7,113.10376,90.60201,0.33522,0.39626,135.5435,17.62693,110.62409,8.17852,87.17118,4.99646,0.33192,0.00261,0.3321,0.33428,0.33517,0.40522,0.02436,0.39689,0.43241,0.44133,42.11988,2,0,0,0,0,0.33211,0.33209,0.33425,0.33612,0.40181,0.39972,0.4184,0.42822,0.00134,0.00141,0.00145,0.00148,0.004,0.00435,0.00439,0.00424,NA
2012-10-07,2012,281,31,thompsonfarm2N_2012_10_07_120215.jpg,137.4054,110.71575,89.38137,0.32804,0.40712,140.0649,13.30183,111.85558,9.24247,87.74244,7.21633,0.32923,0.00337,0.3283,0.33014,0.33359,0.41215,0.01572,0.4142,0.42326,0.4293,40.99942,2,0,0,0,0,0.33128,0.33121,0.33343,0.33523,0.40202,0.39974,0.41877,0.4286,0.00134,0.00141,0.00145,0.00148,0.00403,0.00435,0.00443,0.00429,NA
2012-10-10,2012,284,30,thompsonfarm2N_2012_10_10_120242.jpg,120.7109,99.50271,82.3106,0.32891,0.39901,134.9431,15.39879,112.75603,8.95404,93.95863,7.14585,0.32988,0.00342,0.3301,0.33197,0.33313,0.39417,0.02219,0.38883,0.41602,0.42198,39.90168,2,0,0,0,0,0.33091,0.33083,0.33321,0.3349,0.40212,0.39973,0.41893,0.4287,0.00128,0.00135,0.00139,0.00142,0.004,0.0044,0.00439,0.00425,NA
2012-10-13,2012,287,28,thompsonfarm2N_2012_10_13_120246.jpg,150.7671,128.97711,104.4186,0.33574,0.39246,140.3179,13.09073,117.12435,7.39386,96.54887,6.56779,0.33079,0.00318,0.33092,0.33346,0.33421,0.3959,0.02031,0.39003,0.4132,0.42434,38.8178,2,0,0,0,0,0.3306,0.33051,0.33303,0.33462,0.40211,0.39969,0.41889,0.4285,0.00134,0.00141,0.00145,0.00148,0.00396,0.00447,0.00435,0.00418,NA
2012-10-16,2012,290,26,thompsonfarm2N_2012_10_16_120239.jpg,161.4807,126.61303,96.33659,0.32935,0.42005,142.8429,15.6048,118.30105,8.02729,94.71419,4.77599,0.3325,0.0041,0.33269,0.3354,0.33791,0.40047,0.01933,0.4006,0.4206,0.42562,37.70595,2,0,0,0,0,0.33004,0.32987,0.3326,0.33419,0.40202,0.39963,0.41872,0.42813,0.00134,0.00141,0.00145,0.00148,0.00396,0.00456,0.00435,0.00418,NA
2012-10-19,2012,293,24,thompsonfarm2N_2012_10_19_120206.jpg,122.9242,108.01191,93.1356,0.3333,0.37931,139.709,20.37233,113.95385,11.31998,91.23401,4.40199,0.33022,0.00455,0.33015,0.3335,0.33447,0.4033,0.02374,0.39811,0.42222,0.43587,36.64783,2,0,0,0,0,0.32922,0.32892,0.3318,0.33334,0.40191,0.39956,0.41852,0.42773,0.00128,0.00135,0.00139,0.00142,0.004,0.00464,0.00439,0.00425,NA
2012-10-22,2012,296,24,thompsonfarm2N_2012_10_22_120136.jpg,158.7614,122.21786,92.64851,0.32711,0.42492,146.5204,15.83268,117.98485,8.23926,95.27448,3.68789,0.32789,0.00303,0.32701,0.33067,0.33222,0.40624,0.01875,0.40215,0.42141,0.43101,35.57452,2,0,0,0,0,0.32836,0.32796,0.33094,0.33242,0.4018,0.39949,0.41836,0.42744,0.00134,0.00141,0.00145,0.00148,0.00403,0.00467,0.00443,0.00429,NA
2012-10-25,2012,299,24,thompsonfarm2N_2012_10_25_120238.jpg,145.1661,117.63136,101.27954,0.32309,0.39872,155.3119,15.02568,120.12371,8.11237,92.59444,2.88528,0.32639,0.00208,0.32567,0.32743,0.3291,0.42115,0.01479,0.42413,0.42972,0.4337,34.55217,2,0,0,0,0,0.32728,0.32681,0.32966,0.33111,0.4016,0.39928,0.41807,0.42706,0.00128,0.00135,0.00139,0.00142,0.004,0.00464,0.00439,0.00424,NA
2012-10-28,2012,302,24,thompsonfarm2N_2012_10_28_120210.jpg,114.0228,101.0005,100.72242,0.31988,0.36112,126.201,17.58967,105.69307,10.4843,94.38357,5.41416,0.32363,0.00423,0.32298,0.32649,0.32827,0.38531,0.0229,0.37312,0.41237,0.4207,33.54365,1,0,0,0,0,0.32618,0.32571,0.32836,0.32978,0.4012,0.39888,0.41749,0.42642,0.00134,0.00141,0.00145,0.00148,0.00394,0.00458,0.00433,0.00416,NA
2012-10-31,2012,305,24,thompsonfarm2N_2012_10_31_120335.jpg,132.2601,110.37756,97.80051,0.32422,0.3885,137.0134,12.55777,114.3019,6.41903,98.31894,2.86873,0.32689,0.00261,0.32705,0.32886,0.32963,0.39114,0.01613,0.3893,0.40367,0.41199,32.60322,2,0,0,0,0,0.32537,0.32517,0.32761,0.32885,0.40069,0.39838,0.41674,0.42563,0.00134,0.00141,0.00145,0.00148,0.00392,0.00456,0.0043,0.00412,NA
2012-11-03,2012,308,24,thompsonfarm2N_2012_11_03_120132.jpg,150.037,125.64309,103.29897,0.33153,0.3959,140.9845,12.44081,116.93652,6.0043,99.95175,3.85216,0.32671,0.00268,0.32664,0.32903,0.33005,0.39329,0.01758,0.39036,0.40797,0.41913,31.62044,2,0,0,0,0,0.32495,0.32502,0.3273,0.32842,0.40014,0.39787,0.41595,0.42478,0.00128,0.00135,0.00139,0.00142,0.00394,0.00458,0.00433,0.00416,NA
2012-11-06,2012,311,24,thompsonfarm2N_2012_11_06_120247.jpg,157.3135,123.30593,100.35852,0.32366,0.41292,139.5731,11.25396,116.84372,4.26389,103.96001,4.36612,0.32423,0.00213,0.32385,0.32562,0.32735,0.38676,0.0182,0.38061,0.39201,0.41622,30.70228,2,0,0,0,0,0.32463,0.32494,0.32709,0.32813,0.39965,0.39744,0.41522,0.42399,0.00134,0.00141,0.00145,0.00148,0.004,0.00464,0.00439,0.00424,NA
2012-11-09,2012,314,23,thompsonfarm2N_2012_11_09_120222.jpg,142.3659,116.80842,100.12169,0.3251,0.39624,140.5008,12.6023,115.08358,6.05203,101.22855,8.7276,0.32245,0.00538,0.3244,0.32729,0.3277,0.39329,0.02362,0.39315,0.40982,0.42665,29.8148,2,0,0,0,0,0.32427,0.3246,0.32671,0.32777,0.39929,0.39718,0.41469,0.42337,0.00134,0.00141,0.00145,0.00148,0.00403,0.00467,0.00443,0.00429,NA
2012-11-12,2012,317,24,thompsonfarm2N_2012_11_12_120217.jpg,153.085,124.72934,99.71597,0.33038,0.40549,140.5403,14.47492,114.7355,8.25161,97.83568,8.0688,0.32477,0.00302,0.32489,0.32661,0.32724,0.39744,0.02294,0.38691,0.41944,0.42952,28.98718,2,0,0,0,0,0.32372,0.32396,0.32605,0.32718,0.39896,0.39703,0.41422,0.42282,0.00128,0.00135,0.00139,0.00142,0.004,0.00464,0.00439,0.00424,NA
2012-11-15,2012,320,24,thompsonfarm2N_2012_11_15_120216.jpg,155.4755,119.10155,97.10479,0.32044,0.4183,147.411,10.20455,116.50083,5.30728,97.23501,6.1913,0.32259,0.00248,0.32221,0.3237,0.32557,0.40796,0.01706,0.41499,0.41936,0.42344,28.19846,2,0,0,0,0,0.32304,0.32316,0.32523,0.32647,0.39854,0.39685,0.41361,0.42219,0.00134,0.00141,0.00145,0.00148,0.00394,0.00458,0.00433,0.00416,NA
2012-11-18,2012,323,24,thompsonfarm2N_2012_11_18_120225.jpg,158.3467,120.64712,97.73625,0.32025,0.42032,151.5694,11.36117,117.56724,6.31049,95.3094,5.72753,0.32266,0.00283,0.32217,0.32496,0.32687,0.41561,0.01366,0.41913,0.42605,0.42945,27.43319,2,0,0,0,0,0.3222,0.32217,0.32414,0.32558,0.39808,0.39668,0.41295,0.42154,0.00134,0.00141,0.00145,0.00148,0.00392,0.00456,0.0043,0.00412,NA
2012-11-21,2012,326,24,thompsonfarm2N_2012_11_21_120202.jpg,140.4337,114.97073,99.05833,0.32435,0.39619,145.7239,12.92877,115.07705,6.16535,96.65172,6.02206,0.32195,0.00215,0.32197,0.32373,0.32488,0.40714,0.01923,0.41006,0.42246,0.42759,26.7412,2,0,0,0,0,0.32104,0.32095,0.32285,0.32446,0.39762,0.39652,0.41228,0.42089,0.00128,0.00135,0.00139,0.00142,0.00394,0.00458,0.00433,0.00416,NA
2012-11-24,2012,329,21,thompsonfarm2N_2012_11_24_120154.jpg,159.6611,121.47126,99.84935,0.31884,0.41908,145.1262,17.25503,115.30037,11.13619,99.53941,7.58564,0.32011,0.00292,0.32017,0.32215,0.3235,0.40229,0.01817,0.39728,0.41908,0.42387,26.10297,2,0,0,0,0,0.31985,0.31973,0.32157,0.32334,0.39723,0.39638,0.41168,0.4203,0.00134,0.00141,0.00145,0.00148,0.004,0.00464,0.00439,0.00424,NA
2012-11-27,2012,332,18,thompsonfarm2N_2012_11_27_120250.jpg,146.6714,116.63649,105.00973,0.31667,0.39822,141.6479,9.19836,115.51898,6.21495,105.67456,3.48031,0.31829,0.0024,0.31844,0.31985,0.32188,0.39013,0.00829,0.38969,0.39378,0.39685,25.47022,2,0,0,0,0,0.3186,0.31863,0.32052,0.32233,0.39695,0.39628,0.41122,0.4198,0.00134,0.00141,0.00145,0.00148,0.00403,0.00467,0.00443,0.00429,NA
2012-11-30,2012,335,18,thompsonfarm2N_2012_11_30_120204.jpg,144.7496,112.26457,97.74078,0.31646,0.40803,146.2168,14.04771,115.01262,6.91063,102.4212,5.03796,0.31611,0.00371,0.31581,0.31729,0.32041,0.40125,0.0209,0.41056,0.41955,0.42287,24.95255,2,0,0,0,0,0.31778,0.3179,0.31977,0.32172,0.39677,0.39624,0.41088,0.41937,0.00128,0.00135,0.00139,0.00142,0.004,0.00464,0.00439,0.00424,NA
2012-12-03,2012,338,18,thompsonfarm2N_2012_12_03_120203.jpg,155.9165,117.73697,94.60048,0.31972,0.42339,131.3052,17.31663,105.8211,9.74556,97.20844,4.71947,0.31624,0.00422,0.31703,0.31984,0.32073,0.39133,0.02197,0.37959,0.41572,0.42425,24.51165,2,0,0,0,0,0.31703,0.31721,0.31908,0.32113,0.39663,0.39625,0.41061,0.41898,0.00134,0.00141,0.00145,0.00148,0.00394,0.00456,0.00433,0.00416,NA
2012-12-06,2012,341,18,thompsonfarm2N_2012_12_06_121849.jpg,156.8017,116.90683,95.32119,0.3168,0.4249,148.0348,10.06874,116.49458,3.84553,101.6288,5.88602,0.31814,0.00212,0.31786,0.31951,0.32059,0.40397,0.01848,0.40074,0.41982,0.42685,24.15021,2,0,0,0,0,0.31633,0.31649,0.31842,0.32051,0.39652,0.39632,0.41037,0.4186,0.00134,0.00141,0.00145,0.00148,0.00392,0.00447,0.0043,0.00412,NA
2012-12-09,2012,344,18,thompsonfarm2N_2012_12_09_120209.jpg,151.9113,119.33317,101.20794,0.3204,0.40787,124.9438,13.9194,105.05445,8.85517,102.72287,5.06646,0.31549,0.00522,0.31589,0.31855,0.32207,0.37466,0.01636,0.37359,0.37767,0.40075,23.85571,2,0,0,0,0,0.31566,0.31571,0.31779,0.31971,0.39643,0.39642,0.41015,0.41824,0.00128,0.00135,0.00139,0.00142,0.00394,0.0044,0.00433,0.00416,NA
2012-12-12,2012,347,18,thompsonfarm2N_2012_12_12_120237.jpg,137.2967,111.25048,108.45793,0.31162,0.38458,150.5583,11.31616,116.28618,5.2597,100.72251,3.95965,0.31631,0.00254,0.31595,0.31769,0.31973,0.4091,0.01616,0.40598,0.42156,0.429,23.6033,2,0,0,0,0,0.31507,0.315,0.31727,0.31896,0.39633,0.39653,0.40992,0.41789,0.00134,0.00141,0.00145,0.00148,0.004,0.00435,0.00439,0.00424,NA
2012-12-15,2012,350,18,thompsonfarm2N_2012_12_15_120206.jpg,158.5549,117.86911,97.06479,0.31559,0.42452,149.619,15.21418,116.43134,5.33656,103.55188,6.87576,0.31495,0.00233,0.31542,0.31629,0.31718,0.40388,0.02658,0.42038,0.42429,0.42936,23.44424,2,0,0,0,0,0.31458,0.31435,0.31696,0.31844,0.39622,0.39665,0.40965,0.41753,0.00134,0.00141,0.00145,0.00148,0.00403,0.00435,0.00443,0.00429,NA
2012-12-18,2012,353,18,thompsonfarm2N_2012_12_18_120216.jpg,120.725,104.12547,117.85777,0.30383,0.35227,133.6344,11.57693,110.30293,8.74392,112.58976,12.42998,0.30944,0.00385,0.30829,0.31335,0.31475,0.37497,0.01626,0.36734,0.3874,0.39613,23.33811,1,0,0,0,0,0.31386,0.31355,0.31648,0.31774,0.39612,0.39676,0.40938,0.4171,0.00128,0.00135,0.00139,0.00142,0.004,0.0044,0.00439,0.00425,NA
2012-12-21,2012,356,18,thompsonfarm2N_2012_12_21_120256.jpg,103.6563,89.65139,94.36462,0.31164,0.36033,135.6107,18.37155,109.67893,10.18996,102.84671,3.77495,0.31495,0.00178,0.31493,0.31657,0.31703,0.388,0.01832,0.38608,0.40065,0.41605,23.34391,1,0,0,0,0,0.31314,0.31278,0.31595,0.317,0.39606,0.39685,0.40916,0.4166,0.00134,0.00141,0.00145,0.00148,0.00396,0.00447,0.00435,0.00418,NA
2012-12-24,2012,359,18,thompsonfarm2N_2012_12_24_120157.jpg,154.8267,122.88893,105.7329,0.32048,0.40377,149.5998,10.59004,117.06441,4.29559,104.83806,6.12224,0.31506,0.00342,0.31422,0.31894,0.31971,0.40233,0.01938,0.39963,0.42182,0.42604,23.43273,2,0,0,0,0,0.31252,0.3122,0.31533,0.31626,0.39601,0.3969,0.40895,0.4161,0.00134,0.00141,0.00145,0.00148,0.00396,0.00456,0.00435,0.00418,NA
2012-12-27,2012,362,18,thompsonfarm2N_2012_12_27_120312.jpg,117.4746,99.38522,106.38697,0.30746,0.36342,142.2959,15.73104,112.51713,7.90444,105.0225,3.14727,0.31251,0.00421,0.31255,0.31628,0.3181,0.39424,0.0213,0.40449,0.40941,0.41528,23.56923,1,0,0,0,0,0.31214,0.31188,0.31468,0.31567,0.39596,0.39689,0.40873,0.41565,0.00128,0.00135,0.00139,0.00142,0.004,0.00464,0.00439,0.00425,NA
2012-12-30,2012,365,20,thompsonfarm2N_2012_12_30_120211.jpg,136.7354,110.22121,108.17193,0.31037,0.38503,138.7385,10.84888,112.68783,4.89636,112.7843,4.47697,0.30936,0.00173,0.30942,0.31042,0.31123,0.38045,0.01638,0.38075,0.38893,0.39491,23.80258,5,0,0,0,0,0.3119,0.31168,0.31409,0.31523,0.39587,0.39682,0.40846,0.41533,0.00134,0.00141,0.00145,0.00148,0.00403,0.00467,0.00443,0.00429,NA
2013-01-02,2013,2,21,thompsonfarm2N_2013_01_02_120236.jpg,160.6461,121.82982,108.11727,0.31191,0.41129,151.5283,8.98867,116.43459,4.53353,106.10246,6.97708,0.31127,0.00258,0.31099,0.31306,0.3143,0.40496,0.01546,0.40805,0.41398,0.42409,24.08614,5,0,0,0,0,0.3117,0.31147,0.31345,0.31484,0.39574,0.3966,0.40811,0.41518,0.00128,0.00135,0.00139,0.00142,0.004,0.00464,0.00439,0.00424,NA
2013-01-05,2013,5,21,thompsonfarm2N_2013_01_05_120203.jpg,154.0004,115.74118,100.892,0.31228,0.41551,151.2013,10.56927,116.79745,5.41918,106.41112,6.99205,0.31194,0.00206,0.31205,0.31265,0.31446,0.40361,0.0163,0.41041,0.41423,0.42099,24.45125,4,0,0,0,0,0.31156,0.31132,0.31292,0.31456,0.39559,0.39624,0.4077,0.41518,0.00134,0.00141,0.00145,0.00148,0.00394,0.00458,0.00433,0.00416,NA
2013-01-08,2013,8,21,thompsonfarm2N_2013_01_08_120236.jpg,151.6229,118.08101,105.79131,0.31447,0.40379,147.7449,10.22854,114.37187,5.11855,103.941,4.80522,0.31237,0.00268,0.31162,0.31433,0.31502,0.40324,0.0154,0.4066,0.41653,0.42325,24.86967,4,0,0,0,0,0.31172,0.3115,0.31305,0.3149,0.39543,0.3958,0.40725,0.41525,0.00134,0.00141,0.00145,0.00148,0.00392,0.00456,0.0043,0.00412,NA
2013-01-11,2013,11,21,thompsonfarm2N_2013_01_11_120325.jpg,136.0173,107.77195,103.14351,0.31064,0.39206,136.5593,15.01281,107.12038,8.12422,99.39105,4.76718,0.31213,0.00221,0.31163,0.31248,0.31574,0.39705,0.01816,0.39326,0.41271,0.41623,25.35082,4,0,0,0,0,0.31195,0.31174,0.3135,0.31537,0.39528,0.39537,0.40682,0.41534,0.00128,0.00135,0.00139,0.00142,0.00394,0.00458,0.00433,0.00416,NA
2013-01-14,2013,14,21,thompsonfarm2N_2013_01_14_120203.jpg,154.6994,119.04297,100.72695,0.3179,0.41312,138.6625,17.33311,109.74072,10.78352,101.3612,6.19054,0.31347,0.00414,0.31309,0.31583,0.3179,0.39526,0.01841,0.39388,0.40377,0.41997,25.8857,4,0,0,0,0,0.31215,0.31194,0.31396,0.31579,0.39516,0.39502,0.40643,0.41538,0.00134,0.00141,0.00145,0.00148,0.004,0.00464,0.00439,0.00424,NA
2013-01-17,2013,17,21,thompsonfarm2N_2013_01_17_120206.jpg,143.3112,112.0977,104.38362,0.31156,0.39832,149.5046,7.29025,119.16519,7.10054,116.81166,16.02313,0.30929,0.00329,0.31032,0.31156,0.3132,0.38881,0.02085,0.39676,0.40548,0.40928,26.48221,5,0,0,0,0,0.3118,0.31163,0.31366,0.31528,0.39508,0.39484,0.40612,0.41531,0.00134,0.00141,0.00145,0.00148,0.00403,0.00467,0.00443,0.00429,NA
2013-01-20,2013,20,20,thompsonfarm2N_2013_01_20_120250.jpg,147.0611,118.96602,108.22923,0.31787,0.39294,149.2193,9.58819,117.14797,5.21961,106.78006,3.91771,0.31388,0.00326,0.3131,0.31684,0.31828,0.39957,0.01277,0.39627,0.40914,0.41275,27.14912,4,0,0,0,0,0.31155,0.31137,0.31329,0.31476,0.39498,0.39469,0.40578,0.4151,0.00128,0.00135,0.00139,0.00142,0.004,0.00464,0.00439,0.00424,NA
2013-01-23,2013,23,21,thompsonfarm2N_2013_01_23_120400.jpg,157.899,122.71803,116.46809,0.30905,0.39765,151.4311,8.00483,117.16548,4.81516,109.30508,3.88419,0.31005,0.00145,0.30978,0.31103,0.31153,0.40056,0.00686,0.39973,0.40503,0.4107,27.85558,4,0,0,0,0,0.31135,0.31113,0.313,0.31432,0.39481,0.39444,0.40535,0.4148,0.00134,0.00141,0.00145,0.00148,0.00394,0.00458,0.00433,0.00416,NA
2013-01-26,2013,26,21,thompsonfarm2N_2013_01_26_120129.jpg,156.8382,121.00674,110.54311,0.31156,0.40382,154.7083,10.40483,119.01547,5.95956,107.77172,2.61849,0.31191,0.00161,0.31151,0.31295,0.31363,0.40517,0.00955,0.40346,0.40741,0.42082,28.62337,4,0,0,0,0,0.31153,0.31116,0.31324,0.31452,0.39462,0.39416,0.40488,0.41445,0.00134,0.00141,0.00145,0.00148,0.00392,0.00456,0.0043,0.00412,NA
2013-01-29,2013,29,21,thompsonfarm2N_2013_01_29_120213.jpg,158.4384,127.27829,128.99879,0.30691,0.38204,136.7838,17.38562,111.37443,12.64685,112.59703,13.56572,0.30885,0.00222,0.30873,0.30996,0.31196,0.37878,0.01136,0.37692,0.3894,0.39214,29.42883,5,0,0,0,0,0.3117,0.31125,0.31356,0.3149,0.39447,0.39392,0.40445,0.41413,0.00128,0.00135,0.00139,0.00142,0.00394,0.00458,0.00433,0.00416,NA
2013-02-01,2013,32,21,thompsonfarm2N_2013_02_01_120217.jpg,130.1148,108.91995,114.62964,0.30798,0.3679,154.3252,16.93816,119.66515,10.76291,105.99649,6.21584,0.31474,0.00336,0.31402,0.31693,0.31921,0.40534,0.01458,0.40502,0.41766,0.41984,30.28757,5,0,0,0,0,0.31188,0.31137,0.31391,0.31536,0.3944,0.39379,0.40414,0.41389,0.00134,0.00141,0.00145,0.00148,0.004,0.00464,0.00439,0.00424,NA
2013-02-04,2013,35,22,thompsonfarm2N_2013_02_04_120306.jpg,134.5316,108.72723,107.91756,0.30961,0.38309,146.403,13.23865,115.60553,7.90481,107.6225,4.01017,0.3126,0.00332,0.31159,0.31515,0.3167,0.39547,0.01454,0.39313,0.40424,0.41551,31.18714,4,0,0,0,0,0.31191,0.31151,0.31423,0.3158,0.39446,0.39383,0.40401,0.41378,0.00134,0.00141,0.00145,0.00148,0.00403,0.00467,0.00443,0.00429,NA
2013-02-07,2013,38,24,thompsonfarm2N_2013_02_07_120341.jpg,150.5366,120.89296,109.62269,0.31726,0.39506,141.6607,17.28447,112.85233,10.00912,106.63466,5.93452,0.31221,0.00482,0.31234,0.31704,0.31788,0.39107,0.02073,0.39065,0.40649,0.41927,32.12127,4,0,0,0,0,0.31203,0.31168,0.31458,0.31623,0.39456,0.394,0.40395,0.41371,0.00128,0.00135,0.00139,0.00142,0.004,0.00464,0.00439,0.00424,NA
2013-02-10,2013,41,27,thompsonfarm2N_2013_02_10_120333.jpg,157.7634,119.15931,106.7672,0.31056,0.41117,136.1361,16.21361,108.99402,8.35065,107.19298,7.41734,0.30924,0.00259,0.30879,0.31032,0.31238,0.38541,0.02341,0.37761,0.40265,0.41801,33.10049,5,0,0,0,0,0.31208,0.31177,0.31482,0.31652,0.39462,0.39422,0.40384,0.41358,0.00134,0.00141,0.00145,0.00148,0.00394,0.00456,0.00433,0.00416,NA
2013-02-13,2013,44,27,thompsonfarm2N_2013_02_13_120203.jpg,146.6679,114.67421,102.21928,0.31542,0.40342,149.184,11.18406,115.32725,6.37026,102.83979,6.40643,0.3139,0.00207,0.31407,0.31539,0.31594,0.40585,0.0158,0.40432,0.41161,0.42889,34.11004,5,0,0,0,0,0.31185,0.3115,0.3146,0.31628,0.39466,0.3945,0.40372,0.41344,0.00134,0.00141,0.00145,0.00148,0.00392,0.00447,0.0043,0.00412,NA
2013-02-16,2013,47,27,thompsonfarm2N_2013_02_16_120246.jpg,152.9912,116.60668,105.86675,0.31057,0.40747,138.6791,16.66253,109.61931,9.86651,105.24673,8.6181,0.30985,0.00469,0.30948,0.31398,0.31718,0.3913,0.02133,0.39216,0.39954,0.41726,35.15247,4,0,0,0,0,0.31148,0.31107,0.31413,0.31579,0.39475,0.39481,0.40366,0.41336,0.00128,0.00135,0.00139,0.00142,0.00394,0.0044,0.00433,0.00416,NA
2013-02-19,2013,50,24,thompsonfarm2N_2013_02_19_120210.jpg,144.1845,114.86932,103.39546,0.31693,0.39781,145.1015,11.46419,113.23214,5.62558,103.43047,3.91857,0.31296,0.00253,0.31232,0.31473,0.31675,0.40058,0.01496,0.39721,0.40739,0.42084,36.21912,4,0,0,0,0,0.3111,0.31064,0.31359,0.31524,0.39491,0.39517,0.4037,0.4134,0.00134,0.00141,0.00145,0.00148,0.004,0.00435,0.00439,0.00424,NA
2013-02-22,2013,53,27,thompsonfarm2N_2013_02_22_120303.jpg,149.0186,117.76207,105.70081,0.31616,0.40007,142.3023,7.93742,112.26766,4.96556,104.65781,3.72976,0.31246,0.00288,0.31134,0.31551,0.31592,0.39594,0.01021,0.39531,0.40044,0.40999,37.3086,4,0,0,0,0,0.31081,0.31031,0.31312,0.31469,0.3952,0.39556,0.40392,0.41363,0.00134,0.00141,0.00145,0.00148,0.00403,0.00435,0.00443,0.00429,NA
2013-02-25,2013,56,27,thompsonfarm2N_2013_02_25_120518.jpg,149.0074,118.41218,117.15471,0.3079,0.38746,137.565,11.73724,112.53764,9.90584,116.21212,15.69221,0.30743,0.00335,0.30691,0.31005,0.31202,0.37614,0.01545,0.37559,0.38645,0.39801,38.41965,1,0,0,0,0,0.31053,0.31002,0.31265,0.31407,0.39564,0.39599,0.40432,0.41408,0.00128,0.00135,0.00139,0.00142,0.004,0.0044,0.00439,0.00425,NA
2013-02-28,2013,59,27,thompsonfarm2N_2013_02_28_120407.jpg,142.4472,110.55812,101.33356,0.31201,0.40201,135.3435,12.05765,107.63649,5.74441,103.8514,6.48793,0.31027,0.0025,0.31026,0.31164,0.31243,0.3897,0.01963,0.38845,0.40118,0.40733,39.54439,5,0,0,0,0,0.31038,0.30986,0.31231,0.3136,0.39621,0.39645,0.40487,0.4147,0.00134,0.00141,0.00145,0.00148,0.00396,0.00447,0.00435,0.00418,NA
2013-03-03,2013,62,27,thompsonfarm2N_2013_03_03_120419.jpg,133.8903,104.66302,98.62176,0.31041,0.39709,141.821,6.46654,110.7935,3.45719,103.13962,4.76811,0.31141,0.00239,0.31139,0.31227,0.31363,0.39856,0.01117,0.40082,0.40465,0.40995,40.64172,4,0,0,0,0,0.31071,0.31014,0.31237,0.31369,0.39684,0.39694,0.4055,0.41541,0.00134,0.00141,0.00145,0.00148,0.00396,0.00456,0.00435,0.00418,NA
2013-03-06,2013,65,27,thompsonfarm2N_2013_03_06_120813.jpg,138.4518,107.95468,101.3311,0.31045,0.39815,129.7264,7.17567,103.59594,5.36629,100.11324,4.7093,0.31062,0.00268,0.30964,0.31256,0.31441,0.38898,0.00889,0.38889,0.39447,0.39804,41.83895,4,0,0,0,0,0.31127,0.31075,0.31298,0.31446,0.39748,0.39745,0.40616,0.41612,0.00128,0.00135,0.00139,0.00142,0.004,0.00464,0.00439,0.00425,NA
2013-03-09,2013,68,27,thompsonfarm2N_2013_03_09_120315.jpg,147.2486,115.32343,104.80767,0.31391,0.40081,142.6764,10.59632,110.21653,5.65926,100.61116,6.806,0.31173,0.00259,0.31147,0.31395,0.31486,0.40332,0.01728,0.40184,0.41241,0.42799,43.00995,5,0,0,0,0,0.31189,0.31147,0.31373,0.31536,0.39807,0.39799,0.4068,0.41676,0.00134,0.00141,0.00145,0.00148,0.00403,0.00467,0.00443,0.00429,NA
2013-03-12,2013,71,29,thompsonfarm2N_2013_03_12_120505.jpg,125.9266,101.281,98.10782,0.31133,0.38709,136.7255,11.78483,108.36958,7.21751,99.52105,4.46487,0.3143,0.0038,0.31307,0.31664,0.31883,0.3962,0.0155,0.39414,0.40899,0.41383,44.1697,4,0,0,0,0,0.3121,0.31192,0.31414,0.31572,0.39882,0.39879,0.40763,0.41746,0.00126,0.00132,0.00135,0.00139,0.004,0.00464,0.00439,0.00424,NA
2013-03-15,2013,74,30,thompsonfarm2N_2013_03_15_120330.jpg,155.7389,117.92042,104.32974,0.31197,0.41202,146.8696,9.49051,113.06421,6.36522,101.66286,4.77484,0.31262,0.00247,0.31228,0.31313,0.31526,0.406,0.0088,0.40717,0.41082,0.41611,45.36111,4,0,0,0,0,0.31221,0.31234,0.31454,0.31598,0.39987,0.39995,0.40881,0.41834,0.00126,0.00132,0.00135,0.00139,0.00394,0.00458,0.00433,0.00416,NA
2013-03-18,2013,77,30,thompsonfarm2N_2013_03_18_120306.jpg,153.815,122.24285,108.5112,0.31787,0.39997,143.1929,11.53989,114.1046,7.6888,108.3617,13.34185,0.31207,0.0053,0.31381,0.31705,0.31805,0.39189,0.02285,0.39542,0.40845,0.42136,46.51485,4,0,0,0,0,0.31253,0.31288,0.31502,0.31638,0.40107,0.40129,0.41017,0.41933,0.00134,0.00141,0.00145,0.00148,0.00392,0.00456,0.0043,0.00412,NA
2013-03-21,2013,80,30,thompsonfarm2N_2013_03_21_120722.jpg,148.5532,114.18652,101.68773,0.31333,0.40763,142.654,9.51344,111.25292,4.97711,103.74489,7.62787,0.31105,0.00289,0.31188,0.31329,0.3145,0.3987,0.01682,0.39771,0.40626,0.42251,47.62495,5,0,0,0,0,0.31307,0.31349,0.31554,0.31687,0.40228,0.40264,0.41155,0.42033,0.00126,0.00132,0.00135,0.00139,0.00394,0.00458,0.00433,0.00416,NA
2013-03-24,2013,83,30,thompsonfarm2N_2013_03_24_120326.jpg,150.5299,119.82903,105.85406,0.31851,0.40012,145.1022,12.11225,111.75279,7.66518,99.19705,4.62416,0.31378,0.00209,0.31427,0.31539,0.31585,0.40709,0.01061,0.40528,0.41398,0.42297,48.76926,4,0,0,0,0,0.31375,0.31417,0.31612,0.31746,0.40334,0.4038,0.41279,0.42125,0.00126,0.00132,0.00135,0.00139,0.004,0.00464,0.00439,0.00424,NA
2013-03-27,2013,86,33,thompsonfarm2N_2013_03_27_120320.jpg,146.9085,118.6392,105.0369,0.32014,0.39642,144.1242,11.16042,112.14492,6.96529,99.13788,5.90741,0.31545,0.00322,0.3152,0.31811,0.31968,0.40522,0.01455,0.40275,0.41177,0.42691,49.99063,4,0,0,0,0,0.31473,0.31513,0.31701,0.31837,0.40409,0.4046,0.41371,0.42202,0.00134,0.00141,0.00145,0.00148,0.00403,0.00467,0.00443,0.00429,NA
2013-03-30,2013,89,33,thompsonfarm2N_2013_03_30_120237.jpg,159.188,118.45383,95.10187,0.31779,0.42707,147.9138,11.59321,112.04689,6.75518,94.0268,4.37526,0.31647,0.00294,0.31666,0.31764,0.31936,0.41741,0.01269,0.42245,0.42677,0.42825,51.17026,4,0,0,0,0,0.31626,0.31658,0.31847,0.31991,0.40481,0.40536,0.41466,0.42288,0.00126,0.00132,0.00135,0.00139,0.004,0.00464,0.0044,0.00424,NA
2013-04-02,2013,92,33,thompsonfarm2N_2013_04_02_120621.jpg,137.4443,105.84483,92.83509,0.3149,0.40891,143.5807,13.44893,111.92994,8.3351,97.03511,5.43676,0.31735,0.00355,0.31727,0.32023,0.3223,0.40671,0.0155,0.40578,0.41348,0.42799,52.24892,4,0,0,0,0,0.31813,0.31834,0.32027,0.32183,0.40578,0.40642,0.41596,0.42404,0.00126,0.00132,0.00135,0.00139,0.00395,0.0046,0.00434,0.00416,NA
2013-04-05,2013,95,33,thompsonfarm2N_2013_04_05_120325.jpg,160.9297,119.00503,92.73012,0.31934,0.43183,150.8082,14.02965,115.9845,6.59397,94.7509,6.01377,0.32086,0.00339,0.3212,0.32289,0.32455,0.41646,0.01888,0.42532,0.43124,0.43562,53.40937,4,0,0,0,0,0.31984,0.31998,0.32196,0.32358,0.40684,0.40759,0.41739,0.42532,0.00134,0.00141,0.00145,0.00148,0.00394,0.00459,0.00432,0.00412,NA
2013-04-08,2013,98,33,thompsonfarm2N_2013_04_08_120333.jpg,162.6273,121.94349,95.36123,0.32096,0.42804,147.0419,12.98193,111.95573,7.374,90.26089,5.45799,0.3205,0.0031,0.32096,0.32273,0.32422,0.4205,0.01572,0.42097,0.43272,0.4383,54.48232,4,0,0,0,0,0.32137,0.3215,0.32354,0.32507,0.40784,0.4087,0.41877,0.42654,0.00126,0.00132,0.00135,0.00139,0.00397,0.00463,0.00436,0.00416,NA
2013-04-11,2013,101,33,thompsonfarm2N_2013_04_11_120422.jpg,130.7955,105.35567,89.39542,0.32363,0.40177,129.8166,9.73676,108.24566,6.39365,96.26745,5.31915,0.32367,0.00316,0.3241,0.32526,0.32655,0.38799,0.01356,0.3874,0.39665,0.40122,55.51234,2,0,0,0,0,0.32288,0.32301,0.3251,0.32647,0.40862,0.40957,0.41988,0.42752,0.00126,0.00132,0.00135,0.00139,0.00403,0.00468,0.00443,0.00424,NA
2013-04-14,2013,104,33,thompsonfarm2N_2013_04_14_120259.jpg,160.821,121.11089,94.37403,0.32184,0.42737,140.0077,10.93635,112.21802,6.5102,93.74596,4.5411,0.32431,0.00331,0.32384,0.32757,0.32838,0.40427,0.01386,0.40345,0.41255,0.421,56.63134,2,0,0,0,0,0.32413,0.32422,0.32634,0.32765,0.40902,0.41003,0.42054,0.42809,0.00134,0.00141,0.00145,0.00148,0.00406,0.00471,0.00446,0.00429,NA
2013-04-17,2013,107,33,thompsonfarm2N_2013_04_17_120435.jpg,157.5546,119.90633,91.37856,0.32509,0.42716,146.1605,12.65696,113.40393,7.75536,90.65895,5.01783,0.32373,0.00331,0.32341,0.32503,0.32668,0.41684,0.01321,0.42063,0.42817,0.43095,57.54692,2,0,0,0,0,0.32496,0.32489,0.32701,0.32847,0.40914,0.41021,0.42092,0.4283,0.00126,0.00132,0.00135,0.00139,0.00403,0.00466,0.00442,0.00425,NA
2013-04-20,2013,110,33,thompsonfarm2N_2013_04_20_120316.jpg,145.5521,121.90213,100.78696,0.33104,0.39526,140.6078,10.9088,114.89782,6.06726,95.15766,5.50547,0.32765,0.00314,0.32813,0.33057,0.3317,0.40065,0.01632,0.39777,0.4124,0.42673,58.65588,2,0,0,0,0,0.32551,0.3252,0.32731,0.329,0.40918,0.41035,0.42129,0.42835,0.00126,0.00132,0.00135,0.00139,0.00396,0.0046,0.00435,0.00419,NA
2013-04-23,2013,113,33,thompsonfarm2N_2013_04_23_120506.jpg,116.9196,100.97829,96.2825,0.3214,0.37214,135.6936,15.69837,110.7857,7.60112,93.81302,5.13108,0.32552,0.00344,0.32494,0.32685,0.32954,0.39762,0.02253,0.39327,0.42218,0.42884,59.55008,1,0,0,0,0,0.32598,0.32553,0.32758,0.32949,0.40913,0.41041,0.42161,0.42826,0.00134,0.00141,0.00145,0.00148,0.00393,0.00456,0.00431,0.00417,NA
2013-04-26,2013,116,33,thompsonfarm2N_2013_04_26_120425.jpg,156.3408,119.94185,93.42174,0.32443,0.42288,145.1513,11.96642,113.42859,6.93078,89.074,4.2495,0.32624,0.00337,0.32588,0.3269,0.3288,0.41698,0.01321,0.42159,0.426,0.42896,60.58027,2,0,0,0,0,0.32615,0.32571,0.32763,0.32975,0.40898,0.41038,0.4218,0.42804,0.00126,0.00132,0.00135,0.00139,0.00395,0.00458,0.00434,0.00422,NA
2013-04-29,2013,119,33,thompsonfarm2N_2013_04_29_120742.jpg,149.8506,122.05445,96.22624,0.33155,0.40706,142.051,13.22858,111.98004,8.37193,88.43102,5.76938,0.32696,0.00372,0.32576,0.32947,0.33211,0.41432,0.01377,0.41587,0.42621,0.42959,61.44637,2,0,0,0,0,0.32617,0.32583,0.32761,0.32993,0.40871,0.41022,0.42181,0.42772,0.00126,0.00132,0.00135,0.00139,0.004,0.00463,0.0044,0.0043,NA
2013-05-02,2013,122,33,thompsonfarm2N_2013_05_02_120317.jpg,152.4577,115.73886,87.35987,0.32551,0.42879,140.9153,14.65985,109.81452,8.70588,86.12543,4.92562,0.32602,0.00257,0.32576,0.32614,0.32822,0.41753,0.01323,0.42216,0.4274,0.42932,62.288,2,0,0,0,0,0.3268,0.32657,0.32835,0.33075,0.40831,0.40991,0.42158,0.42732,0.00134,0.00141,0.00145,0.00148,0.00403,0.00467,0.00443,0.00434,NA
2013-05-05,2013,125,33,thompsonfarm2N_2013_05_05_120249.jpg,158.1392,119.67364,91.20563,0.3243,0.42854,141.9078,16.57054,109.80696,10.09049,85.38969,5.28809,0.32566,0.00288,0.32585,0.32643,0.32881,0.41993,0.01596,0.42804,0.42964,0.43133,63.13014,2,0,0,0,0,0.32839,0.32831,0.33029,0.33258,0.40764,0.40929,0.421,0.42678,0.00126,0.00132,0.00135,0.00139,0.004,0.00464,0.00439,0.00427,NA
2013-05-08,2013,128,33,thompsonfarm2N_2013_05_08_120405.jpg,150.5677,114.82867,84.22909,0.32843,0.43065,130.8154,16.87258,105.56566,10.50966,84.80183,7.55752,0.32847,0.00561,0.32862,0.3319,0.33511,0.40636,0.02268,0.41288,0.42283,0.43078,63.95633,2,0,0,0,0,0.33052,0.33066,0.33291,0.335,0.40662,0.40832,0.42006,0.42603,0.00126,0.00132,0.00135,0.00139,0.00395,0.00461,0.00434,0.00417,NA
2013-05-11,2013,131,33,thompsonfarm2N_2013_05_11_120315.jpg,121.1396,107.51665,87.81366,0.33974,0.38278,130.6916,13.56159,111.62485,7.23088,88.18147,4.6882,0.3377,0.00428,0.33904,0.34175,0.34255,0.39464,0.02099,0.38884,0.41488,0.42472,64.75494,2,0,0,0,0,0.33285,0.33315,0.33559,0.33754,0.40541,0.40714,0.4189,0.42515,0.00134,0.00141,0.00145,0.00148,0.00394,0.00461,0.00433,0.00413,NA
2013-05-14,2013,134,27,thompsonfarm2N_2013_05_14_120541.jpg,135.7002,111.74139,88.34254,0.33278,0.40413,132.8108,12.18001,109.60614,8.7302,85.59111,6.03116,0.33396,0.00464,0.33353,0.33757,0.33894,0.40455,0.01605,0.40706,0.41775,0.42205,65.09077,2,0,0,0,0,0.33577,0.33608,0.33855,0.34046,0.40413,0.40588,0.41765,0.42419,0.00126,0.00132,0.00135,0.00139,0.00399,0.00465,0.00438,0.00417,NA
2013-05-17,2013,137,33,thompsonfarm2N_2013_05_17_120411.jpg,133.0945,107.95928,79.12586,0.33718,0.41569,134.0482,15.02053,109.0718,9.52261,79.91242,5.04462,0.33748,0.00369,0.33751,0.33926,0.34207,0.41407,0.01757,0.4185,0.42756,0.42967,66.1386,2,0,0,0,0,0.33907,0.33931,0.34177,0.34366,0.40292,0.4047,0.41644,0.4232,0.00126,0.00132,0.00135,0.00139,0.00406,0.00473,0.00446,0.00427,NA
2013-05-20,2013,140,33,thompsonfarm2N_2013_05_20_120417.jpg,129.6488,104.27073,73.03473,0.33969,0.42237,135.1172,10.29845,113.46073,5.3678,82.93142,5.03726,0.34222,0.00222,0.34264,0.34397,0.34464,0.40722,0.01781,0.40949,0.42208,0.42961,66.59782,2,0,0,0,0,0.34156,0.3418,0.3442,0.3461,0.40191,0.40372,0.4154,0.42225,0.00134,0.00141,0.00145,0.00148,0.00411,0.00477,0.00451,0.00433,NA
2013-05-23,2013,143,33,thompsonfarm2N_2013_05_23_120402.jpg,114.5406,101.51533,81.19664,0.34151,0.38533,122.6575,7.20234,110.25477,5.72991,85.64051,5.06779,0.34599,0.00532,0.34659,0.34894,0.35259,0.38495,0.01337,0.3864,0.39529,0.4007,67.26702,2,0,0,0,0,0.34292,0.34332,0.3456,0.34758,0.40081,0.40261,0.41417,0.42115,0.00126,0.00132,0.00135,0.00139,0.00409,0.00476,0.00449,0.00431,NA
2013-05-26,2013,146,32,thompsonfarm2N_2013_05_26_110639.jpg,149.3759,122.47269,83.27533,0.34487,0.42063,128.5719,13.55114,110.13976,8.03428,83.00563,4.23315,0.34225,0.00388,0.34248,0.34504,0.34604,0.39879,0.01817,0.40173,0.4147,0.42173,67.83814,2,0,0,0,0,0.34364,0.34428,0.34642,0.34852,0.39936,0.40104,0.41246,0.41974,0.00126,0.00132,0.00135,0.00139,0.00406,0.00472,0.00446,0.00427,NA
2013-05-29,2013,149,33,thompsonfarm2N_2013_05_29_120341.jpg,117.2556,104.10697,81.61941,0.34361,0.38701,128.4777,13.55653,110.45307,8.16894,81.32997,5.71641,0.34473,0.00479,0.34517,0.34722,0.34994,0.40046,0.0216,0.40487,0.4183,0.42496,68.20003,2,0,0,0,0,0.34376,0.34457,0.34665,0.34885,0.39773,0.39924,0.4105,0.41817,0.00134,0.00141,0.00145,0.00148,0.00406,0.00472,0.00446,0.00427,NA
2013-06-01,2013,152,33,thompsonfarm2N_2013_06_01_120242.jpg,145.3041,120.2272,82.36044,0.34559,0.41767,131.1593,15.556,111.49743,11.79724,81.66919,4.8934,0.34338,0.00526,0.34448,0.34672,0.34894,0.4035,0.01392,0.40721,0.41356,0.41743,68.71782,2,0,0,0,0,0.34282,0.34373,0.34584,0.34813,0.3961,0.39743,0.40853,0.41657,0.00128,0.00134,0.00138,0.00141,0.00411,0.00477,0.00452,0.00435,NA
2013-06-04,2013,155,33,thompsonfarm2N_2013_06_04_120459.jpg,125.6207,107.89335,86.05256,0.33762,0.3931,133.5214,12.28586,115.13901,9.48827,88.95635,11.27381,0.34113,0.00695,0.34362,0.34491,0.34638,0.39551,0.01558,0.39843,0.40711,0.41473,68.94237,2,0,0,0,0,0.34112,0.34208,0.34427,0.34663,0.39465,0.39583,0.40678,0.41507,0.0013,0.00136,0.0014,0.00143,0.00419,0.00484,0.0046,0.00447,NA
2013-06-07,2013,158,33,thompsonfarm2N_2013_06_07_120242.jpg,112.781,101.47811,88.99369,0.33463,0.3719,124.9921,10.80417,109.7446,7.26231,89.17359,4.70366,0.33864,0.00431,0.33827,0.34159,0.3452,0.38542,0.01643,0.38195,0.39809,0.40795,69.30676,1,0,0,0,0,0.33976,0.34071,0.34296,0.34538,0.39353,0.39466,0.40547,0.41383,0.00136,0.00142,0.00146,0.0015,0.00424,0.00488,0.00465,0.00453,NA
2013-06-10,2013,161,33,thompsonfarm2N_2013_06_10_120501.jpg,132.532,111.02421,85.76399,0.33713,0.40244,124.3593,9.50686,108.00214,6.6495,88.08045,5.63071,0.33688,0.00453,0.33774,0.33961,0.3416,0.38784,0.01649,0.38794,0.39958,0.41128,69.45585,2,0,0,0,0,0.33901,0.3399,0.34211,0.34459,0.39247,0.39359,0.40422,0.41254,0.00131,0.00138,0.00142,0.00145,0.00421,0.00485,0.00462,0.00449,NA
2013-06-13,2013,164,33,thompsonfarm2N_2013_06_13_120657.jpg,132.5993,112.35994,87.19814,0.33827,0.39921,129.0557,9.54743,112.19507,6.86814,88.90349,5.74491,0.33966,0.00496,0.34062,0.34283,0.34533,0.39071,0.01661,0.38991,0.39959,0.41186,69.76852,2,0,0,0,0,0.3385,0.33928,0.34144,0.34392,0.39115,0.39223,0.40262,0.41097,0.00146,0.00153,0.00157,0.00161,0.00415,0.0048,0.00455,0.00441,NA
2013-06-16,2013,167,32,thompsonfarm2N_2013_06_16_120305.jpg,137.3728,114.37513,86.98905,0.33765,0.40554,127.5084,12.75093,109.41291,8.43442,86.62086,4.9379,0.33795,0.00566,0.33847,0.34104,0.3438,0.39346,0.0183,0.3972,0.40657,0.41389,69.89493,2,0,0,0,0,0.3383,0.33906,0.34117,0.34356,0.38973,0.39075,0.40089,0.4093,0.00163,0.00171,0.00176,0.0018,0.00412,0.00478,0.00453,0.00438,NA
2013-06-19,2013,170,0,None,NA,NA,NA,NA,NA,NA,NA,NA,NA,NA,NA,NA,NA,NA,NA,NA,NA,NA,NA,NA,NA,NA,NA,0,0,0,0,0.33863,0.33954,0.34167,0.34375,0.38837,0.38932,0.39922,0.40769,0.00152,0.0016,0.00164,0.00168,0.00416,0.00481,0.00457,0.00443,NA
2013-06-22,2013,173,0,None,NA,NA,NA,NA,NA,NA,NA,NA,NA,NA,NA,NA,NA,NA,NA,NA,NA,NA,NA,NA,NA,NA,NA,0,0,0,0,0.33933,0.34049,0.34265,0.3443,0.38724,0.38811,0.39783,0.40633,0.00152,0.0016,0.00164,0.00168,0.00423,0.00487,0.00464,0.00453,NA
2013-06-25,2013,176,16,thompsonfarm2N_2013_06_25_130501.jpg,144.5955,124.31209,91.3061,0.34511,0.40142,126.3707,11.51088,112.15698,7.55898,89.50959,4.0741,0.34178,0.00367,0.34327,0.34393,0.34519,0.38467,0.01441,0.37981,0.39334,0.40567,69.88825,2,0,0,0,0,0.33988,0.34122,0.34343,0.34479,0.38649,0.38728,0.39692,0.4054,0.00163,0.00171,0.00176,0.0018,0.00427,0.00491,0.00468,0.00459,NA
2013-06-28,2013,179,33,thompsonfarm2N_2013_06_28_120436.jpg,120.3595,104.75751,85.39332,0.33737,0.38762,122.2267,12.25681,109.19613,8.78218,90.19222,3.95714,0.33929,0.00627,0.34124,0.34382,0.34463,0.37938,0.01407,0.37714,0.38234,0.40619,69.90973,1,0,0,0,0,0.3402,0.34158,0.34388,0.34517,0.38611,0.38676,0.39647,0.4048,0.00146,0.00153,0.00157,0.00161,0.00423,0.00487,0.00464,0.00453,NA
2013-07-01,2013,182,33,thompsonfarm2N_2013_07_01_120447.jpg,131.053,117.67689,93.3495,0.344,0.38311,118.2733,10.98845,106.56275,9.38994,89.18731,5.61235,0.33903,0.00526,0.33939,0.34367,0.34458,0.37635,0.01302,0.37343,0.3878,0.3952,69.72351,2,0,0,0,0,0.3405,0.34188,0.3443,0.34562,0.38594,0.38635,0.39626,0.40432,0.00131,0.00138,0.00142,0.00145,0.00415,0.00479,0.00456,0.00442,NA
2013-07-04,2013,185,32,thompsonfarm2N_2013_07_04_120322.jpg,148.8858,124.32554,90.88326,0.34146,0.40892,131.4721,16.60185,114.28459,12.69264,88.73303,5.19751,0.34122,0.00644,0.3434,0.34475,0.34705,0.39209,0.01423,0.39009,0.40625,0.41123,69.46966,2,0,0,0,0,0.34075,0.34213,0.34464,0.34604,0.38592,0.38604,0.39622,0.40397,0.00136,0.00142,0.00146,0.0015,0.0041,0.00469,0.0045,0.00434,NA
2013-07-07,2013,188,33,thompsonfarm2N_2013_07_07_120239.jpg,137.2288,122.54949,93.25244,0.34714,0.38872,127.0992,13.01733,112.75121,10.27064,89.69871,5.04558,0.34179,0.00546,0.34274,0.3457,0.34708,0.38513,0.01389,0.38903,0.39326,0.40291,69.29666,2,0,0,0,0,0.34103,0.34249,0.34497,0.34642,0.38598,0.38582,0.39628,0.40374,0.0013,0.00136,0.0014,0.00143,0.00411,0.0046,0.00452,0.00435,NA
2013-07-10,2013,191,33,thompsonfarm2N_2013_07_10_120338.jpg,105.6135,97.05138,87.69511,0.33425,0.36373,118.1666,10.42371,108.29633,8.59583,90.3527,3.8763,0.34161,0.00416,0.34297,0.3448,0.34617,0.37255,0.00858,0.37109,0.37734,0.38533,68.97461,2,0,0,0,0,0.34134,0.3429,0.34524,0.34676,0.38605,0.38569,0.39634,0.40361,0.00128,0.00134,0.00138,0.00141,0.00416,0.00453,0.00456,0.00441,NA
2013-07-13,2013,194,33,thompsonfarm2N_2013_07_13_120105.jpg,124.2006,113.59288,92.5497,0.34386,0.37597,128.7045,13.44537,112.14093,10.70181,87.95391,5.1405,0.34067,0.00585,0.34233,0.34441,0.34614,0.3909,0.01392,0.39111,0.40289,0.40634,68.58834,2,0,0,0,0,0.3415,0.34306,0.34531,0.34689,0.38608,0.38565,0.39636,0.40358,0.00134,0.00141,0.00145,0.00148,0.00418,0.00452,0.00459,0.00444,NA
2013-07-16,2013,197,33,thompsonfarm2N_2013_07_16_120131.jpg,119.4778,106.88908,90.55234,0.33728,0.377,128.4072,15.40723,111.65613,12.92303,86.0417,6.4115,0.34185,0.00622,0.34393,0.34667,0.34801,0.39318,0.01279,0.39044,0.39949,0.4123,68.18217,2,0,0,0,0,0.34138,0.34279,0.3451,0.34673,0.3862,0.38568,0.3965,0.40383,0.00126,0.00132,0.00135,0.00139,0.00413,0.00454,0.00454,0.00437,NA
2013-07-19,2013,200,33,thompsonfarm2N_2013_07_19_120120.jpg,144.2983,123.22702,91.76802,0.34297,0.40162,131.614,14.59791,114.68174,11.80841,88.99179,5.53431,0.34163,0.00572,0.34312,0.34487,0.34663,0.39195,0.01198,0.39188,0.40162,0.40653,67.6576,2,0,0,0,0,0.34109,0.34229,0.3447,0.34639,0.38654,0.38577,0.39691,0.40444,0.00126,0.00132,0.00135,0.00139,0.00407,0.00461,0.00446,0.00427,NA
2013-07-22,2013,203,33,thompsonfarm2N_2013_07_22_120117.jpg,114.8082,107.90138,89.5394,0.34556,0.36768,121.4382,13.39796,108.01898,9.43893,87.82495,5.18604,0.34026,0.00485,0.34087,0.34416,0.34556,0.38205,0.01622,0.37991,0.39771,0.40243,67.12141,1,0,0,0,0,0.3408,0.34182,0.34429,0.34603,0.38699,0.38592,0.39747,0.4052,0.00134,0.00141,0.00145,0.00148,0.00404,0.00468,0.00443,0.00423,NA
2013-07-25,2013,206,33,thompsonfarm2N_2013_07_25_120119.jpg,122.3036,111.53801,92.27526,0.34202,0.37503,122.3973,8.43673,109.7521,7.47144,90.62574,5.88847,0.33983,0.00427,0.34027,0.34202,0.3445,0.3792,0.0124,0.3777,0.38616,0.39251,66.48269,2,0,0,0,0,0.34049,0.34134,0.34374,0.34556,0.38746,0.38613,0.39803,0.40595,0.00128,0.00135,0.00139,0.00142,0.00405,0.00474,0.00445,0.00426,NA
2013-07-28,2013,209,33,thompsonfarm2N_2013_07_28_120100.jpg,113.1056,107.74866,91.50285,0.34495,0.3621,124.0698,12.39136,110.29046,8.16869,89.13922,3.74893,0.34076,0.00507,0.34075,0.34369,0.34556,0.38282,0.01569,0.3768,0.39681,0.40516,65.79769,2,0,0,0,0,0.34016,0.34088,0.34317,0.34505,0.38784,0.38638,0.39848,0.4065,0.00134,0.00141,0.00145,0.00148,0.00407,0.00475,0.00446,0.00429,NA
2013-07-31,2013,212,33,thompsonfarm2N_2013_07_31_120129.jpg,147.3516,123.65696,91.08201,0.34151,0.40695,127.4794,13.98929,111.18342,11.61239,87.58814,5.85868,0.34035,0.00679,0.34229,0.34457,0.3461,0.39025,0.01255,0.38899,0.40173,0.40642,65.12284,2,0,0,0,0,0.33985,0.34059,0.34273,0.34464,0.38823,0.3868,0.39894,0.40696,0.00126,0.00132,0.00135,0.00139,0.00403,0.00471,0.00442,0.00424,NA
2013-08-03,2013,215,33,thompsonfarm2N_2013_08_03_120103.jpg,138.1174,118.58286,94.74973,0.33741,0.39299,128.7447,13.48131,111.68667,8.47447,88.83248,5.22563,0.33909,0.00386,0.33974,0.34105,0.34273,0.39025,0.01733,0.3915,0.40732,0.41212,64.37957,2,0,0,0,0,0.33953,0.34039,0.34233,0.34425,0.38876,0.38745,0.39959,0.40752,0.00126,0.00132,0.00135,0.00139,0.00397,0.00464,0.00436,0.00417,NA
2013-08-06,2013,218,33,thompsonfarm2N_2013_08_06_120119.jpg,143.3359,118.20156,86.3326,0.33979,0.41204,130.8115,12.37659,111.31697,9.44042,85.73284,4.61949,0.33928,0.00544,0.34008,0.34213,0.34458,0.3985,0.01193,0.39834,0.4077,0.41195,63.57722,2,0,0,0,0,0.33933,0.34031,0.34212,0.34402,0.38938,0.38826,0.40036,0.40817,0.00134,0.00141,0.00145,0.00148,0.00395,0.0046,0.00434,0.00415,NA
2013-08-09,2013,221,33,thompsonfarm2N_2013_08_09_120108.jpg,111.9221,103.36326,87.86183,0.34097,0.3692,126.8739,14.1686,110.19647,8.88405,87.71081,5.18962,0.33917,0.0043,0.3402,0.34154,0.34335,0.3898,0.01873,0.39348,0.40248,0.4113,62.72705,2,0,0,0,0,0.33926,0.34037,0.3422,0.34405,0.39005,0.38912,0.40119,0.40887,0.00126,0.00132,0.00135,0.00139,0.00399,0.00461,0.00438,0.00421,NA
2013-08-12,2013,224,33,thompsonfarm2N_2013_08_12_120118.jpg,144.4467,118.9586,87.69718,0.33881,0.41141,127.9536,11.46683,110.20437,8.62153,86.21581,5.37396,0.33955,0.00512,0.34033,0.34276,0.34444,0.39413,0.01404,0.39375,0.40958,0.41325,61.84626,2,0,0,0,0,0.33926,0.34052,0.34245,0.34421,0.39073,0.38995,0.402,0.40959,0.00126,0.00132,0.00135,0.00139,0.00406,0.00465,0.00446,0.00431,NA
2013-08-15,2013,227,33,thompsonfarm2N_2013_08_15_120106.jpg,134.2148,115.05024,94.53747,0.33464,0.39038,132.8792,14.97658,112.07304,11.33185,85.95225,6.48233,0.33837,0.00554,0.34036,0.34166,0.34352,0.40095,0.01488,0.40277,0.41363,0.41686,60.9057,2,0,0,0,0,0.33935,0.34069,0.34268,0.34437,0.39137,0.39067,0.40273,0.4103,0.00134,0.00141,0.00145,0.00148,0.0041,0.00468,0.0045,0.00437,NA
2013-08-18,2013,230,33,thompsonfarm2N_2013_08_18_120123.jpg,137.2187,119.67439,91.85313,0.34316,0.39346,128.4087,12.29374,110.8307,10.38233,86.56939,6.16663,0.33982,0.00517,0.34096,0.34367,0.34501,0.39385,0.01327,0.39143,0.40033,0.41596,59.96433,2,0,0,0,0,0.33962,0.34093,0.34292,0.34452,0.39205,0.39143,0.40344,0.41104,0.00126,0.00132,0.00135,0.00139,0.00406,0.00464,0.00445,0.00432,NA
2013-08-21,2013,233,33,thompsonfarm2N_2013_08_21_120328.jpg,143.668,124.49451,92.1305,0.34554,0.39875,133.6648,17.58312,114.30098,13.54846,86.09525,6.32444,0.34171,0.00527,0.34331,0.34547,0.34642,0.39917,0.01452,0.39925,0.41144,0.41463,58.86767,2,0,0,0,0,0.34,0.34121,0.34319,0.34469,0.39283,0.3924,0.40422,0.41187,0.00126,0.00132,0.00135,0.00139,0.00399,0.00459,0.00438,0.00423,NA
2013-08-24,2013,236,33,thompsonfarm2N_2013_08_24_120126.jpg,147.2115,121.0158,88.52528,0.33921,0.41264,134.531,14.20167,112.4681,10.21276,85.46173,4.61721,0.338,0.00503,0.33936,0.34115,0.34359,0.40392,0.01427,0.40364,0.4147,0.42015,57.94051,2,0,0,0,0,0.34024,0.34134,0.34327,0.34471,0.39367,0.39347,0.40504,0.41274,0.00134,0.00141,0.00145,0.00148,0.00395,0.00458,0.00433,0.00417,NA
2013-08-27,2013,239,33,thompsonfarm2N_2013_08_27_120613.jpg,158.0747,128.73615,90.45375,0.34124,0.419,130.4261,14.31243,113.66199,10.18639,89.08505,5.96994,0.34091,0.00457,0.34165,0.34338,0.3445,0.39086,0.0165,0.38938,0.40239,0.41555,56.84788,2,0,0,0,0,0.34025,0.34124,0.34301,0.34445,0.39453,0.39456,0.40586,0.41362,0.00126,0.00132,0.00135,0.00139,0.00396,0.00462,0.00435,0.00418,NA
2013-08-30,2013,242,33,thompsonfarm2N_2013_08_30_120147.jpg,144.8308,125.91097,94.5906,0.34465,0.39644,128.4692,12.0987,114.95553,6.56123,92.85582,3.73686,0.34179,0.00242,0.34183,0.34344,0.34469,0.38135,0.01686,0.37991,0.38812,0.40852,55.65701,2,0,0,0,0,0.34018,0.34102,0.34261,0.34408,0.39534,0.39556,0.40666,0.41447,0.00126,0.00132,0.00135,0.00139,0.00402,0.00469,0.00441,0.00425,NA
2013-09-02,2013,245,33,thompsonfarm2N_2013_09_02_120128.jpg,120.1103,106.99633,86.05701,0.34166,0.38354,125.2521,14.21815,111.02724,9.0755,90.50573,4.6736,0.33959,0.00402,0.34049,0.34206,0.34376,0.38236,0.01812,0.38235,0.39533,0.40154,54.72067,2,0,0,0,0,0.34008,0.34082,0.34236,0.34388,0.39608,0.39638,0.4074,0.41525,0.00134,0.00141,0.00145,0.00148,0.00405,0.00474,0.00445,0.00429,NA
2013-09-05,2013,248,32,thompsonfarm2N_2013_09_05_120140.jpg,127.66,110.78952,89.12209,0.33821,0.38972,138.9492,12.53358,116.7956,9.3368,89.28239,5.96374,0.33833,0.00394,0.33948,0.3407,0.34163,0.40236,0.01315,0.40334,0.41254,0.41782,53.6048,2,0,0,0,0,0.33999,0.34066,0.34242,0.34402,0.39681,0.39711,0.40811,0.41597,0.00126,0.00132,0.00135,0.00139,0.00404,0.00473,0.00443,0.00425,NA
2013-09-08,2013,251,33,thompsonfarm2N_2013_09_08_120123.jpg,142.7668,121.99697,92.81266,0.34118,0.39926,137.4058,11.10647,117.34672,8.99367,90.4774,5.17959,0.33973,0.00386,0.34038,0.34199,0.34402,0.39777,0.00977,0.39751,0.40436,0.40975,52.46194,2,0,0,0,0,0.33984,0.34048,0.34258,0.34427,0.39763,0.3979,0.40885,0.41666,0.00126,0.00132,0.00135,0.00139,0.004,0.0047,0.00439,0.00419,NA
2013-09-11,2013,254,32,thompsonfarm2N_2013_09_11_120126.jpg,149.0666,127.88826,94.5942,0.3442,0.4012,127.0076,13.59049,112.86693,9.26842,90.59914,5.22625,0.34139,0.00429,0.34218,0.3449,0.34696,0.3836,0.01632,0.38287,0.3947,0.40412,51.2332,2,0,0,0,0,0.33958,0.3402,0.34255,0.34428,0.39848,0.39871,0.40959,0.41734,0.00134,0.00141,0.00145,0.00148,0.004,0.00469,0.0044,0.00418,NA
2013-09-14,2013,257,30,thompsonfarm2N_2013_09_14_120127.jpg,150.2545,129.35481,95.52974,0.34482,0.40053,131.1792,14.1131,114.62525,9.35491,92.1075,4.16517,0.33898,0.00459,0.33931,0.34271,0.34473,0.38733,0.01717,0.38618,0.3994,0.41313,50.14635,2,0,0,0,0,0.33927,0.33986,0.34231,0.34396,0.39932,0.39951,0.41032,0.418,0.00126,0.00132,0.00135,0.00139,0.00406,0.00473,0.00445,0.00426,NA
2013-09-17,2013,260,30,thompsonfarm2N_2013_09_17_120127.jpg,143.4528,124.04503,93.14908,0.34395,0.39777,138.4865,12.86482,118.25387,8.58232,91.72824,6.04205,0.33918,0.00373,0.33965,0.3423,0.34382,0.39694,0.01766,0.39489,0.41118,0.42013,48.97182,2,0,0,0,0,0.33891,0.33949,0.34197,0.34349,0.40008,0.40025,0.41102,0.41867,0.00126,0.00132,0.00135,0.00139,0.00413,0.0048,0.00454,0.00437,NA
2013-09-20,2013,263,30,thompsonfarm2N_2013_09_20_120117.jpg,148.5744,122.42944,89.06414,0.34002,0.41263,139.1874,14.54838,115.68473,9.68171,87.73674,4.29448,0.33746,0.00346,0.33776,0.33999,0.34089,0.40543,0.01527,0.40878,0.41712,0.42242,47.58348,2,0,0,0,0,0.33839,0.33901,0.34147,0.34292,0.40071,0.40091,0.41168,0.41936,0.00134,0.00141,0.00145,0.00148,0.00418,0.00484,0.00459,0.00444,NA
2013-09-23,2013,266,30,thompsonfarm2N_2013_09_23_120129.jpg,151.8616,125.14808,91.12661,0.33995,0.41251,144.0535,13.75056,119.58399,9.15919,90.70318,4.98503,0.33732,0.00298,0.33778,0.33992,0.34109,0.40592,0.01515,0.40978,0.41537,0.4195,46.59964,2,0,0,0,0,0.33779,0.33854,0.34085,0.34234,0.40135,0.40161,0.41244,0.4202,0.00128,0.00134,0.00138,0.00141,0.00416,0.00481,0.00456,0.00441,NA
2013-09-26,2013,269,30,thompsonfarm2N_2013_09_26_120137.jpg,140.7782,115.20769,86.40986,0.33648,0.41116,138.963,15.16767,116.3482,9.35921,88.42445,5.01245,0.33832,0.00373,0.33885,0.34108,0.34205,0.40344,0.01819,0.40023,0.42026,0.42972,45.40967,2,0,0,0,0,0.33706,0.33801,0.34011,0.3417,0.40211,0.40245,0.41338,0.42126,0.0013,0.00136,0.0014,0.00143,0.00411,0.00477,0.00452,0.00435,NA
2013-09-29,2013,272,30,thompsonfarm2N_2013_09_29_120134.jpg,152.8236,123.6049,88.44231,0.33876,0.41884,142.4587,18.80189,114.37407,14.28341,84.64995,5.17887,0.3342,0.00829,0.33728,0.33881,0.34169,0.416,0.01514,0.41993,0.42805,0.43075,44.20839,2,0,0,0,0,0.33596,0.33699,0.33911,0.34078,0.40291,0.40333,0.41441,0.42242,0.00136,0.00142,0.00146,0.0015,0.0041,0.00476,0.0045,0.00434,NA
2013-10-02,2013,275,30,thompsonfarm2N_2013_10_02_120608.jpg,161.4709,130.2815,91.50845,0.33993,0.42131,147.8438,16.85396,116.9928,10.77454,83.19407,4.991,0.33601,0.00322,0.33646,0.33841,0.34,0.42387,0.01547,0.42749,0.43401,0.44111,43.08088,2,0,0,0,0,0.33432,0.33527,0.33766,0.33936,0.40367,0.40418,0.4154,0.42355,0.00131,0.00138,0.00142,0.00145,0.00415,0.0048,0.00456,0.00442,NA
2013-10-05,2013,278,30,thompsonfarm2N_2013_10_05_120607.jpg,145.2315,114.131,82.97618,0.33339,0.42423,134.98,10.78909,112.49878,6.07348,88.15557,5.60156,0.33511,0.00306,0.33502,0.33752,0.33931,0.40179,0.01834,0.4048,0.41356,0.42437,41.95301,2,0,0,0,0,0.33247,0.33327,0.33592,0.33762,0.40432,0.40491,0.41627,0.42455,0.00146,0.00153,0.00157,0.00161,0.00423,0.00487,0.00464,0.00453,NA
2013-10-08,2013,281,10,thompsonfarm2N_2013_10_07_160605.jpg,131.6741,112.56625,92.34679,0.33443,0.3912,127.5602,19.21273,104.64154,11.95361,87.35382,4.98575,0.32694,0.00701,0.32778,0.33302,0.33464,0.39746,0.02249,0.39018,0.41234,0.42396,40.83068,NA,0,0,0,0,0.33092,0.33153,0.33429,0.33597,0.40478,0.40543,0.41689,0.42529,0.00163,0.00171,0.00176,0.0018,0.00427,0.00491,0.00468,0.00459,NA
2013-10-11,2013,284,0,None,NA,NA,NA,NA,NA,NA,NA,NA,NA,NA,NA,NA,NA,NA,NA,NA,NA,NA,NA,NA,NA,NA,NA,0,0,0,0,0.32976,0.33004,0.33276,0.33438,0.40518,0.40592,0.41748,0.42592,0.00152,0.0016,0.00164,0.00168,0.00423,0.00487,0.00464,0.00453,NA
2013-10-14,2013,287,0,None,NA,NA,NA,NA,NA,NA,NA,NA,NA,NA,NA,NA,NA,NA,NA,NA,NA,NA,NA,NA,NA,NA,NA,0,0,0,0,0.32873,0.32862,0.33121,0.33275,0.40566,0.40653,0.41822,0.42659,0.00152,0.0016,0.00164,0.00168,0.00417,0.00481,0.00457,0.00443,NA
2013-10-17,2013,290,2,thompsonfarm2N_2013_10_18_140139.jpg,124.3588,104.87039,92.28956,0.32617,0.38679,124.5368,0.17795,104.87257,0.00218,91.7559,0.53366,0.32654,0.00037,0.32654,0.32672,0.32683,0.38777,0.00098,0.38777,0.38826,0.38855,26.64254,NA,0,0,0,0,0.32785,0.32748,0.32996,0.33146,0.40614,0.40718,0.419,0.42725,0.00163,0.00171,0.00176,0.0018,0.00413,0.00477,0.00454,0.00438,NA
2013-10-20,2013,293,24,thompsonfarm2N_2013_10_20_120131.jpg,161.2373,125.57673,93.00446,0.33062,0.42451,153.1763,13.47103,119.55708,7.8842,89.14029,3.61579,0.33039,0.00233,0.33012,0.33108,0.33432,0.4227,0.01242,0.42657,0.4301,0.43607,36.53965,2,0,0,0,0,0.32725,0.32683,0.32924,0.33077,0.40656,0.40776,0.41971,0.42782,0.00146,0.00153,0.00157,0.00161,0.00416,0.00479,0.00457,0.00441,NA
2013-10-23,2013,296,24,thompsonfarm2N_2013_10_23_120144.jpg,137.923,109.36964,91.0021,0.3233,0.4077,144.1325,15.20374,115.2483,8.51677,92.43376,5.48107,0.32764,0.00426,0.3259,0.33201,0.33334,0.40895,0.0161,0.4082,0.42315,0.42912,35.40803,2,0,0,0,0,0.32687,0.32648,0.32888,0.33046,0.40685,0.40819,0.42023,0.42823,0.00131,0.00138,0.00142,0.00145,0.00423,0.00485,0.00464,0.00449,NA
2013-10-26,2013,299,24,thompsonfarm2N_2013_10_26_120333.jpg,142.0777,112.98146,93.3173,0.32431,0.40783,148.2589,14.6278,116.43373,8.40534,94.61669,4.49269,0.32395,0.00303,0.32413,0.32579,0.32677,0.41187,0.0157,0.41162,0.42333,0.43275,34.28057,2,0,0,0,0,0.32644,0.32608,0.32857,0.33017,0.40694,0.40838,0.42047,0.42841,0.00136,0.00142,0.00146,0.0015,0.00426,0.00488,0.00468,0.00453,NA
2013-10-29,2013,302,24,thompsonfarm2N_2013_10_29_120220.jpg,162.1574,121.86276,94.76581,0.32172,0.4281,154.0996,15.56329,120.54653,8.40262,96.51675,4.90679,0.32467,0.00318,0.32468,0.32684,0.32898,0.41435,0.01958,0.42031,0.42752,0.43734,33.29797,2,0,0,0,0,0.32583,0.32551,0.32809,0.32956,0.40673,0.40826,0.42034,0.42831,0.0013,0.00136,0.0014,0.00143,0.00422,0.00484,0.00463,0.00447,NA
2013-11-01,2013,305,24,thompsonfarm2N_2013_11_01_120129.jpg,134.5409,113.15874,100.31177,0.32516,0.3866,142.2423,13.83439,117.59055,5.65276,99.47879,5.47285,0.32724,0.00223,0.32738,0.32845,0.3297,0.3951,0.02206,0.38488,0.41616,0.42825,32.30848,1,0,0,0,0,0.32517,0.32493,0.32748,0.32872,0.40626,0.40791,0.41993,0.42798,0.00128,0.00134,0.00138,0.00141,0.00414,0.00477,0.00454,0.00436,NA
2013-11-04,2013,308,24,thompsonfarm2N_2013_11_04_120137.jpg,159.2797,121.33666,95.4416,0.32265,0.42355,147.8658,15.17653,118.20564,5.98762,98.52907,4.93102,0.32418,0.00319,0.32379,0.32717,0.32795,0.40461,0.02374,0.41209,0.423,0.4345,31.36276,2,0,0,0,0,0.32457,0.32443,0.32688,0.32794,0.40562,0.4074,0.41934,0.4275,0.00134,0.00141,0.00145,0.00148,0.00408,0.00472,0.00448,0.00428,NA
2013-11-07,2013,311,24,thompsonfarm2N_2013_11_07_120208.jpg,126.5268,114.12872,105.59067,0.32962,0.36542,144.2965,14.37407,117.8012,5.38757,100.07709,5.54573,0.32526,0.00379,0.32501,0.32906,0.3296,0.39757,0.02381,0.39812,0.41644,0.42767,30.45833,2,0,0,0,0,0.32412,0.32412,0.32643,0.32731,0.40492,0.40684,0.41867,0.42693,0.00126,0.00132,0.00135,0.00139,0.00408,0.00472,0.00448,0.00428,NA
2013-11-10,2013,314,24,thompsonfarm2N_2013_11_10_120138.jpg,142.9403,113.84197,96.30892,0.32242,0.40483,145.0053,11.56845,115.34519,5.60819,97.65285,4.44199,0.32213,0.00232,0.32146,0.323,0.32438,0.40453,0.01745,0.40377,0.41985,0.42377,29.58875,2,0,0,0,0,0.3237,0.32385,0.32604,0.32673,0.40425,0.40631,0.41803,0.42636,0.00126,0.00132,0.00135,0.00139,0.00412,0.00476,0.00452,0.00433,NA
2013-11-13,2013,317,24,thompsonfarm2N_2013_11_13_120136.jpg,162.574,123.92174,100.79116,0.31997,0.41978,151.5648,12.35866,120.42304,4.6905,100.80904,6.97947,0.32305,0.00239,0.32375,0.32496,0.32564,0.40616,0.02226,0.41801,0.42239,0.42935,29.02199,2,0,0,0,0,0.32316,0.32339,0.32548,0.32612,0.40372,0.40589,0.41752,0.42586,0.00134,0.00141,0.00145,0.00148,0.00413,0.00477,0.00454,0.00436,NA
2013-11-16,2013,320,24,thompsonfarm2N_2013_11_16_120101.jpg,153.4609,121.69978,97.14244,0.32688,0.41219,140.405,13.26822,115.28919,7.01591,100.14163,5.92523,0.32387,0.00381,0.3251,0.32607,0.32679,0.39389,0.02015,0.39111,0.40507,0.41999,27.95869,2,0,0,0,0,0.32249,0.3227,0.32469,0.32552,0.40311,0.40545,0.41691,0.42525,0.00126,0.00132,0.00135,0.00139,0.00409,0.00473,0.00449,0.00429,NA
2013-11-19,2013,323,24,thompsonfarm2N_2013_11_19_120122.jpg,163.4698,123.11945,96.97568,0.32099,0.42619,151.5362,14.24219,118.06964,6.50391,97.48368,6.91891,0.32163,0.00273,0.32157,0.32423,0.32491,0.41214,0.0223,0.42237,0.42636,0.42966,27.24339,2,0,0,0,0,0.32181,0.32196,0.32382,0.32499,0.40223,0.4048,0.41601,0.42439,0.00126,0.00132,0.00135,0.00139,0.00401,0.00464,0.0044,0.0042,NA
2013-11-22,2013,326,24,thompsonfarm2N_2013_11_22_120128.jpg,126.7216,112.46345,107.84315,0.32408,0.36516,148.1206,14.5528,117.16025,5.56316,99.55597,6.27054,0.32118,0.00286,0.32129,0.32352,0.32472,0.40526,0.02421,0.41885,0.42379,0.42943,26.53264,2,0,0,0,0,0.32118,0.32123,0.32302,0.32452,0.4012,0.40401,0.41496,0.42339,0.00134,0.00141,0.00145,0.00148,0.00396,0.00453,0.00435,0.00415,NA
2013-11-25,2013,329,19,thompsonfarm2N_2013_11_25_120113.jpg,155.3904,120.35738,103.2615,0.31756,0.40999,149.7427,5.12576,117.40983,3.20078,101.45393,3.17891,0.31852,0.0028,0.31793,0.32018,0.32148,0.4062,0.00779,0.40777,0.41231,0.41372,25.89944,2,0,0,0,0,0.32069,0.32054,0.32234,0.32424,0.40017,0.4031,0.41389,0.42238,0.00126,0.00132,0.00135,0.00139,0.00397,0.00443,0.00436,0.0042,NA
2013-11-28,2013,332,18,thompsonfarm2N_2013_11_28_120111.jpg,164.4029,126.32397,103.16398,0.32071,0.41738,146.4469,16.5496,115.79791,8.24597,98.64267,2.99773,0.32087,0.00319,0.32048,0.3216,0.32607,0.40457,0.01995,0.41473,0.41732,0.42203,25.32779,2,0,0,0,0,0.32019,0.31978,0.32161,0.32399,0.39928,0.40213,0.41294,0.42146,0.00126,0.00132,0.00135,0.00139,0.00402,0.00437,0.00441,0.0043,NA
2013-12-01,2013,335,18,thompsonfarm2N_2013_12_01_120056.jpg,138.4227,112.70466,102.13756,0.31904,0.39184,144.0934,10.91558,115.22948,4.50002,101.20345,3.8567,0.3196,0.00211,0.31898,0.32041,0.32269,0.39918,0.01688,0.39257,0.4148,0.42376,24.84977,2,0,0,0,0,0.31936,0.31883,0.3206,0.32327,0.39865,0.40113,0.41226,0.42075,0.00134,0.00141,0.00145,0.00148,0.00405,0.00435,0.00445,0.00437,NA
2013-12-04,2013,338,18,thompsonfarm2N_2013_12_04_120057.jpg,135.6032,108.06924,95.55591,0.31857,0.39974,140.7411,14.9883,113.14875,6.05863,99.00595,4.70522,0.32063,0.00189,0.31999,0.32253,0.32343,0.39783,0.02294,0.40088,0.41578,0.42661,24.43822,2,0,0,0,0,0.31796,0.31753,0.31911,0.32171,0.39811,0.40017,0.41159,0.42001,0.00126,0.00132,0.00135,0.00139,0.00402,0.00439,0.00441,0.00432,NA
2013-12-07,2013,341,18,thompsonfarm2N_2013_12_07_120108.jpg,160.4298,118.95461,93.91147,0.31866,0.42977,139.4092,12.65601,112.88206,6.38727,103.17223,5.46282,0.3176,0.00386,0.31739,0.3187,0.32335,0.39157,0.01672,0.39198,0.39823,0.4094,24.08871,2,0,0,0,0,0.31629,0.31606,0.3174,0.31973,0.39744,0.39927,0.4107,0.41904,0.00126,0.00132,0.00135,0.00139,0.00397,0.00446,0.00436,0.00424,NA
2013-12-10,2013,344,18,thompsonfarm2N_2013_12_10_120110.jpg,145.1474,116.9657,113.1234,0.31171,0.38682,143.2202,11.80702,115.20424,6.33184,110.46374,6.83864,0.31223,0.00207,0.31223,0.31333,0.31478,0.38784,0.01791,0.38096,0.40332,0.41499,23.8013,5,0,0,0,0,0.31488,0.31482,0.316,0.31807,0.39676,0.39848,0.40975,0.41803,0.00134,0.00141,0.00145,0.00148,0.00398,0.00455,0.00437,0.00422,NA
2013-12-13,2013,347,18,thompsonfarm2N_2013_12_13_120106.jpg,121.328,98.52553,96.98495,0.31096,0.38293,148.0815,11.00525,114.16281,5.55305,103.35348,3.40119,0.3122,0.00186,0.31278,0.31309,0.31464,0.40453,0.01393,0.40799,0.41289,0.41993,23.58775,5,0,0,0,0,0.31365,0.31376,0.31484,0.3166,0.39618,0.39785,0.40892,0.41715,0.00129,0.00135,0.00139,0.00143,0.00403,0.00463,0.00442,0.00426,NA
2013-12-16,2013,350,19,thompsonfarm2N_2013_12_16_120109.jpg,157.5302,119.30118,102.7717,0.31428,0.41499,140.5937,12.23144,111.1858,5.74857,105.12476,3.76859,0.31146,0.00189,0.31149,0.3129,0.3137,0.39325,0.01744,0.39221,0.40966,0.4116,23.49546,5,0,0,0,0,0.31261,0.31287,0.31386,0.31536,0.39579,0.39743,0.40838,0.41658,0.00137,0.00143,0.00148,0.00151,0.00407,0.00467,0.00447,0.00429,NA
2013-12-19,2013,353,18,thompsonfarm2N_2013_12_19_120110.jpg,157.9477,119.24674,101.30618,0.31505,0.4173,148.4389,13.1226,114.7479,7.37551,102.24193,6.95629,0.31396,0.00225,0.3141,0.31491,0.31706,0.40577,0.01663,0.40815,0.41686,0.42591,23.35498,4,0,0,0,0,0.31222,0.31248,0.31354,0.31494,0.3956,0.39709,0.40809,0.41632,0.00128,0.00134,0.00138,0.00141,0.00404,0.00464,0.00443,0.00424,NA
2013-12-22,2013,356,18,thompsonfarm2N_2013_12_22_120546.jpg,118.9713,99.96074,99.87282,0.31355,0.37318,128.8973,9.32863,106.48195,4.3882,103.48056,5.87514,0.31422,0.00196,0.31423,0.31584,0.31663,0.38008,0.01691,0.37852,0.38459,0.40503,23.37783,1,0,0,0,0,0.31219,0.31238,0.31359,0.315,0.39548,0.39673,0.40787,0.4162,0.00127,0.00133,0.00137,0.0014,0.00397,0.00459,0.00436,0.00416,NA
2013-12-25,2013,359,18,thompsonfarm2N_2013_12_25_120114.jpg,150.9655,115.1167,103.39264,0.31157,0.40859,142.122,14.57444,112.09566,7.64555,106.77394,6.93813,0.31041,0.00308,0.31124,0.31253,0.31416,0.39291,0.02046,0.39305,0.40838,0.41867,23.47685,5,0,0,0,0,0.31207,0.31218,0.31351,0.31502,0.39543,0.39638,0.4077,0.41618,0.00135,0.00142,0.00146,0.0015,0.00394,0.00457,0.00433,0.00413,NA
2013-12-28,2013,362,19,thompsonfarm2N_2013_12_28_120116.jpg,151.2682,116.6812,102.65831,0.31484,0.40816,141.1897,8.17387,111.77971,4.37845,104.13889,4.1416,0.31303,0.00178,0.3127,0.31405,0.31543,0.39517,0.01033,0.39501,0.40051,0.40838,23.64988,5,0,0,0,0,0.31152,0.31155,0.31291,0.31468,0.39542,0.39608,0.40759,0.41624,0.00126,0.00132,0.00136,0.00139,0.00396,0.00458,0.00435,0.00418,NA
2013-12-31,2013,365,21,thompsonfarm2N_2013_12_31_120101.jpg,151.2211,117.52293,110.21732,0.31012,0.39904,141.7717,12.96155,111.80615,5.78281,105.16094,5.16283,0.31168,0.00295,0.31147,0.31276,0.31525,0.3945,0.01809,0.38904,0.41033,0.41697,23.88649,4,0,0,0,0,0.31089,0.31081,0.31218,0.31429,0.39544,0.39586,0.40752,0.41633,0.00128,0.00134,0.00138,0.00141,0.00401,0.00462,0.0044,0.00426,NA
2014-01-02,2014,2,14,thompsonfarm2N_2014_01_02_120112.jpg,123.8026,101.90801,107.28033,0.30604,0.37179,135.5423,14.62357,109.12683,7.52592,110.72166,6.75016,0.30695,0.00271,0.30639,0.30805,0.31019,0.38057,0.02078,0.37321,0.39882,0.41018,24.08292,1,0,0,0,0,0.3107,0.31055,0.31195,0.31421,0.39546,0.39578,0.40749,0.41639,0.00133,0.00139,0.00143,0.00147,0.00402,0.00464,0.00442,0.00428,NA
2014-01-05,2014,5,21,thompsonfarm2N_2014_01_05_120107.jpg,156.0181,115.79184,97.08522,0.31389,0.42293,140.1166,20.61101,110.34209,10.32366,103.18167,7.54783,0.3119,0.00325,0.31289,0.31363,0.31589,0.39435,0.02806,0.40527,0.41395,0.42293,24.42948,5,0,0,0,0,0.31099,0.31076,0.31225,0.31462,0.39557,0.39578,0.4076,0.41662,0.00124,0.0013,0.00134,0.00137,0.00399,0.00461,0.00438,0.00423,NA
2014-01-08,2014,8,21,thompsonfarm2N_2014_01_08_120139.jpg,158.5709,121.41329,109.71247,0.31156,0.40691,155.5863,4.58302,118.08411,2.76988,104.04995,3.98287,0.31262,0.00221,0.31177,0.31293,0.31574,0.41189,0.00715,0.40858,0.41469,0.4206,24.84192,4,0,0,0,0,0.3116,0.31131,0.31291,0.31532,0.39582,0.39588,0.40792,0.41709,0.00126,0.00133,0.00136,0.0014,0.00393,0.00455,0.00432,0.00415,NA
2014-01-11,2014,11,21,thompsonfarm2N_2014_01_11_120104.jpg,115.7692,98.67197,106.45301,0.30749,0.36077,130.6199,12.10653,106.29651,5.98254,106.26059,6.98155,0.30967,0.00338,0.30877,0.3122,0.31504,0.38004,0.02039,0.38058,0.3883,0.41062,25.31864,5,0,0,0,0,0.31194,0.31166,0.3133,0.31564,0.39616,0.39607,0.40838,0.41769,0.00137,0.00144,0.00148,0.00152,0.00391,0.00453,0.00429,0.00411,NA
2014-01-14,2014,14,21,thompsonfarm2N_2014_01_14_120139.jpg,135.2399,110.4908,104.33969,0.31562,0.38632,144.7799,11.17192,112.3039,4.43007,98.7266,4.96553,0.31561,0.00171,0.31522,0.31569,0.31754,0.40642,0.01933,0.41413,0.42105,0.42228,25.85393,4,0,0,0,0,0.31175,0.31153,0.31311,0.31521,0.39654,0.39631,0.40888,0.41833,0.00128,0.00134,0.00138,0.00141,0.00394,0.00455,0.00432,0.00416,NA
2014-01-17,2014,17,21,thompsonfarm2N_2014_01_17_120112.jpg,159.3532,118.90587,98.82422,0.31533,0.42259,139.6417,16.90885,109.95326,9.4857,102.76205,13.10603,0.31204,0.00441,0.3125,0.31412,0.31533,0.39581,0.02688,0.38997,0.42368,0.43237,26.44811,4,0,0,0,0,0.31134,0.31121,0.31267,0.31441,0.39692,0.39656,0.40932,0.41891,0.00128,0.00134,0.00138,0.00141,0.004,0.00461,0.00439,0.00425,NA
2014-01-20,2014,20,21,thompsonfarm2N_2014_01_20_120100.jpg,140.1673,109.96434,102.17304,0.31213,0.39786,143.8078,12.31566,112.91453,8.14095,108.91756,13.93548,0.30894,0.00369,0.30909,0.31084,0.31265,0.3935,0.01934,0.39372,0.39786,0.41745,27.09882,5,0,0,0,0,0.31102,0.31097,0.31229,0.31374,0.39725,0.39679,0.40963,0.41932,0.00138,0.00144,0.00148,0.00152,0.00403,0.00464,0.00443,0.0043,NA
2014-01-23,2014,23,23,thompsonfarm2N_2014_01_23_120136.jpg,143.1424,111.26628,104.1893,0.31028,0.39917,150.0011,8.37449,115.25507,4.34976,106.48459,3.14176,0.31001,0.00158,0.31019,0.31104,0.31204,0.40326,0.01048,0.40364,0.41054,0.41428,27.80152,5,0,0,0,0,0.31091,0.31093,0.31207,0.31334,0.39764,0.39715,0.40992,0.41967,0.00128,0.00134,0.00138,0.00141,0.004,0.00461,0.00439,0.00425,NA
2014-01-26,2014,26,21,thompsonfarm2N_2014_01_26_120111.jpg,152.5239,117.0117,108.25266,0.30973,0.40373,145.3405,7.18687,113.05036,3.99342,105.89027,3.43136,0.31034,0.00111,0.31031,0.31079,0.31181,0.39882,0.00801,0.39688,0.40373,0.40755,28.56297,4,0,0,0,0,0.31088,0.31097,0.31193,0.31306,0.39818,0.39773,0.41035,0.4201,0.00126,0.00132,0.00136,0.00139,0.00395,0.00456,0.00433,0.00417,NA
2014-01-29,2014,29,21,thompsonfarm2N_2014_01_29_120113.jpg,154.3462,117.63809,106.74613,0.31061,0.40754,155.3276,11.15913,117.7039,5.45565,104.97718,2.67688,0.31132,0.002,0.31078,0.31209,0.31363,0.41043,0.01321,0.40934,0.41864,0.42645,29.3686,4,0,0,0,0,0.31088,0.31103,0.31187,0.31292,0.3988,0.39844,0.41085,0.42056,0.00134,0.00141,0.00145,0.00148,0.00392,0.00454,0.00431,0.00414,NA
2014-02-01,2014,32,21,thompsonfarm2N_2014_02_01_120114.jpg,154.1179,113.85328,95.41696,0.31331,0.42411,143.9459,7.67453,110.38454,3.63309,98.925,2.46848,0.31246,0.00114,0.31242,0.31318,0.3138,0.40724,0.01041,0.40432,0.41559,0.42337,30.22141,4,0,0,0,0,0.31095,0.31118,0.31201,0.31299,0.39945,0.39919,0.41137,0.42102,0.00126,0.00132,0.00135,0.00139,0.00396,0.00457,0.00434,0.00418,NA
2014-02-04,2014,35,22,thompsonfarm2N_2014_02_04_120111.jpg,159.5345,117.55865,98.66715,0.31286,0.42456,137.4582,19.3176,108.99949,8.2687,103.79133,6.21338,0.31101,0.00361,0.31251,0.31289,0.31389,0.39065,0.03134,0.39498,0.41991,0.42507,31.11693,4,0,0,0,0,0.31108,0.31139,0.31227,0.31322,0.40007,0.39988,0.41184,0.42143,0.00126,0.00132,0.00135,0.00139,0.00402,0.00462,0.00441,0.00427,NA
2014-02-07,2014,38,24,thompsonfarm2N_2014_02_07_120123.jpg,159.7708,119.82283,104.68302,0.31181,0.41577,154.7455,12.69607,117.9418,6.59304,106.05111,7.95421,0.31134,0.00204,0.31121,0.31262,0.3139,0.40826,0.0199,0.409,0.41979,0.42945,32.05281,5,0,0,0,0,0.31107,0.31142,0.31236,0.31336,0.40058,0.40042,0.41221,0.42175,0.00134,0.00141,0.00145,0.00148,0.00406,0.00466,0.00445,0.00433,NA
2014-02-10,2014,41,27,thompsonfarm2N_2014_02_10_120123.jpg,153.2506,115.40897,101.04008,0.31217,0.41453,151.7235,12.04482,114.85999,5.55256,103.04329,5.82466,0.31072,0.00203,0.31135,0.31215,0.31276,0.40998,0.01801,0.41181,0.42247,0.42785,33.02463,5,0,0,0,0,0.31075,0.31106,0.31208,0.31328,0.40105,0.40096,0.41249,0.42194,0.00126,0.00132,0.00135,0.00139,0.00402,0.00463,0.00442,0.00428,NA
2014-02-13,2014,44,27,thompsonfarm2N_2014_02_13_120117.jpg,123.1995,100.82978,102.48032,0.30881,0.37732,136.526,15.19951,107.88704,7.45786,103.96284,7.3003,0.30961,0.00199,0.30961,0.31082,0.31229,0.39101,0.02252,0.38926,0.40592,0.41866,34.03173,5,0,0,0,0,0.3103,0.31052,0.31165,0.31314,0.40158,0.40165,0.41276,0.42203,0.00126,0.00132,0.00135,0.00139,0.00397,0.00458,0.00435,0.00419,NA
2014-02-16,2014,47,27,thompsonfarm2N_2014_02_16_120118.jpg,149.2952,113.5927,102.8715,0.31057,0.40818,144.7256,14.14246,111.36947,7.45002,102.9701,3.95735,0.31008,0.00227,0.30997,0.31138,0.31292,0.40225,0.01612,0.40169,0.40974,0.4214,35.06923,5,0,0,0,0,0.31004,0.31017,0.31142,0.3131,0.40213,0.40241,0.41302,0.42206,0.00134,0.00141,0.00145,0.00148,0.00394,0.00455,0.00432,0.00415,NA
2014-02-19,2014,50,27,thompsonfarm2N_2014_02_19_120111.jpg,141.6921,111.06557,106.51262,0.30914,0.39439,139.5526,11.55655,110.28861,6.23268,106.79209,8.96712,0.30922,0.00253,0.30935,0.31051,0.31264,0.39107,0.02013,0.39388,0.40586,0.41481,36.13434,5,0,0,0,0,0.31009,0.31013,0.31151,0.31325,0.40267,0.40317,0.41327,0.42209,0.00126,0.00132,0.00135,0.00139,0.00397,0.00458,0.00435,0.00419,NA
2014-02-22,2014,53,27,thompsonfarm2N_2014_02_22_120112.jpg,158.201,118.52025,102.50307,0.31253,0.41717,138.9817,16.707,108.45167,8.07984,101.08196,3.47314,0.31102,0.00268,0.31115,0.3124,0.31494,0.39744,0.02193,0.39847,0.41279,0.42425,37.22499,5,0,0,0,0,0.31027,0.31023,0.31177,0.31351,0.40318,0.40385,0.41351,0.42216,0.00126,0.00132,0.00135,0.00139,0.00402,0.00464,0.00442,0.00427,NA
2014-02-25,2014,56,27,thompsonfarm2N_2014_02_25_120119.jpg,147.8956,113.16259,102.75073,0.31105,0.40652,145.0781,11.13223,111.83052,5.30085,102.83897,4.41764,0.31079,0.0026,0.31075,0.3128,0.31405,0.40278,0.01609,0.40652,0.4125,0.42067,38.3371,4,0,0,0,0,0.3105,0.31041,0.31206,0.31375,0.40364,0.40436,0.41377,0.42231,0.00134,0.00141,0.00145,0.00148,0.00406,0.00467,0.00445,0.00432,NA
2014-02-28,2014,59,27,thompsonfarm2N_2014_02_28_120109.jpg,152.1006,116.64637,108.76621,0.30899,0.4029,149.1945,9.13079,113.65428,5.24829,102.83002,4.66719,0.31078,0.00196,0.31091,0.31228,0.3137,0.40777,0.0107,0.40655,0.41141,0.41787,39.46629,4,0,0,0,0,0.31077,0.31071,0.31235,0.31392,0.40409,0.4048,0.41404,0.42257,0.00126,0.00132,0.00135,0.00139,0.00402,0.00464,0.00442,0.00427,NA
2014-03-03,2014,62,27,thompsonfarm2N_2014_03_03_120108.jpg,147.4395,113.34686,104.63403,0.31018,0.40348,145.0923,8.24851,111.55054,4.23035,102.21165,2.34862,0.31083,0.00151,0.31077,0.3122,0.31275,0.40405,0.0097,0.40348,0.40863,0.41468,40.60957,1,0,0,0,0,0.3111,0.31113,0.3127,0.31406,0.40461,0.4053,0.41434,0.42289,0.00126,0.00132,0.00135,0.00139,0.00396,0.00458,0.00435,0.00418,NA
2014-03-06,2014,65,27,thompsonfarm2N_2014_03_06_120110.jpg,151.1853,113.64362,100.33174,0.31122,0.41402,147.1168,12.96562,111.92835,6.2853,100.78872,4.98449,0.31095,0.00283,0.31007,0.31312,0.31497,0.40817,0.01854,0.40843,0.42066,0.43398,41.77039,5,0,0,0,0,0.31139,0.31149,0.31301,0.31423,0.40515,0.4058,0.41463,0.42325,0.00134,0.00141,0.00145,0.00148,0.00394,0.00456,0.00432,0.00413,NA
2014-03-09,2014,68,28,thompsonfarm2N_2014_03_09_115648.jpg,155.2625,116.15139,101.15496,0.31176,0.41673,147.7775,11.20838,112.07492,5.79263,98.97459,6.40705,0.31229,0.00275,0.31254,0.31307,0.31491,0.41148,0.01656,0.41098,0.41804,0.43152,42.93484,5,0,0,0,0,0.31161,0.31179,0.31329,0.31453,0.40566,0.40628,0.4149,0.42359,0.00126,0.00132,0.00135,0.00139,0.00396,0.00458,0.00435,0.00416,NA
2014-03-12,2014,71,29,thompsonfarm2N_2014_03_12_120107.jpg,133.0624,106.07762,99.48966,0.31326,0.39294,131.3911,11.43028,104.74842,5.87828,100.14144,5.37973,0.31149,0.00318,0.31265,0.31369,0.31426,0.39017,0.01599,0.38987,0.39989,0.40989,44.10617,4,0,0,0,0,0.31182,0.31208,0.31356,0.31489,0.4061,0.40667,0.41513,0.42388,0.00126,0.00132,0.00135,0.00139,0.00403,0.00463,0.00442,0.00425,NA
2014-03-15,2014,74,30,thompsonfarm2N_2014_03_15_120119.jpg,158.462,118.64729,101.58076,0.31331,0.41845,148.9731,10.8769,113.32553,6.30382,100.40225,5.36618,0.31238,0.00228,0.31325,0.31378,0.3149,0.41043,0.0142,0.40984,0.41812,0.42971,45.27984,4,0,0,0,0,0.31201,0.31232,0.31379,0.31516,0.40641,0.40696,0.41531,0.42406,0.00134,0.00141,0.00145,0.00148,0.00406,0.00466,0.00446,0.00429,NA
2014-03-18,2014,77,30,thompsonfarm2N_2014_03_18_120124.jpg,157.6482,118.32807,102.37816,0.31274,0.41667,148.417,9.41568,112.95413,5.88944,99.8839,4.97561,0.31259,0.00327,0.31226,0.31514,0.31681,0.41062,0.01192,0.41182,0.41665,0.42258,46.45678,4,0,0,0,0,0.31204,0.3123,0.31377,0.31507,0.40669,0.40719,0.41548,0.42422,0.00126,0.00132,0.00135,0.00139,0.00402,0.00463,0.00442,0.00424,NA
2014-03-21,2014,80,30,thompsonfarm2N_2014_03_21_120107.jpg,141.1375,108.26881,99.62636,0.3102,0.40437,143.1732,11.06412,109.48315,5.29779,98.89883,4.28219,0.31135,0.00212,0.31129,0.31291,0.31418,0.40675,0.01649,0.40743,0.41543,0.42646,47.62644,4,0,0,0,0,0.31198,0.31214,0.31364,0.31481,0.40702,0.40746,0.41569,0.42443,0.00126,0.00132,0.00135,0.00139,0.00396,0.00458,0.00435,0.00416,NA
2014-03-24,2014,83,32,thompsonfarm2N_2014_03_24_120124.jpg,151.15,115.64851,104.61738,0.31137,0.40696,149.4844,10.94952,112.95046,7.13222,98.82946,5.11248,0.31255,0.0024,0.31251,0.31391,0.31576,0.41351,0.01123,0.41254,0.42093,0.42814,48.79629,4,0,0,0,0,0.3122,0.31227,0.3138,0.31492,0.40736,0.40773,0.41591,0.42465,0.00134,0.00141,0.00145,0.00148,0.00393,0.00455,0.00431,0.00412,NA
2014-03-27,2014,86,33,thompsonfarm2N_2014_03_27_120101.jpg,157.6724,119.981,102.92512,0.31526,0.4143,141.8247,7.87391,110.64276,5.08534,101.26351,5.14535,0.31274,0.00196,0.31295,0.31444,0.31493,0.40085,0.01161,0.40259,0.40648,0.41098,49.95529,4,0,0,0,0,0.31276,0.31282,0.31434,0.31553,0.40766,0.40795,0.41611,0.42484,0.00126,0.00132,0.00135,0.00139,0.00395,0.00458,0.00433,0.00416,NA
2014-03-30,2014,89,33,thompsonfarm2N_2014_03_30_120116.jpg,129.6735,102.4094,98.01505,0.31024,0.39283,134.989,8.03779,106.34594,4.38114,99.52614,5.36011,0.31197,0.00174,0.31274,0.31325,0.31357,0.39588,0.01363,0.39651,0.40654,0.41094,51.10274,1,0,0,0,0,0.31357,0.31368,0.31515,0.31647,0.40788,0.40811,0.41626,0.42496,0.00126,0.00132,0.00135,0.00139,0.004,0.00464,0.00439,0.00424,NA
2014-04-02,2014,92,33,thompsonfarm2N_2014_04_02_120128.jpg,138.7621,107.97679,94.18862,0.31671,0.40701,147.2789,11.01894,110.28337,6.58331,91.17313,4.60762,0.31615,0.00287,0.31567,0.31791,0.31984,0.42194,0.01248,0.41897,0.4322,0.44104,52.24082,4,0,0,0,0,0.31476,0.31494,0.31643,0.31784,0.40796,0.40816,0.41632,0.42495,0.00134,0.00141,0.00145,0.00148,0.00403,0.00467,0.00443,0.00429,NA
2014-04-05,2014,95,33,thompsonfarm2N_2014_04_05_120108.jpg,160.5285,119.42398,99.82015,0.31446,0.4227,145.8503,12.14521,110.76052,6.71362,95.08496,4.11148,0.31486,0.00304,0.31437,0.31573,0.31728,0.41414,0.01422,0.41712,0.42362,0.42946,53.35953,4,0,0,0,0,0.31663,0.31691,0.31849,0.31998,0.40795,0.4081,0.41638,0.42483,0.00126,0.00132,0.00135,0.00139,0.004,0.00464,0.00439,0.00424,NA
2014-04-08,2014,98,33,thompsonfarm2N_2014_04_08_120102.jpg,138.4214,108.41678,99.48067,0.31305,0.39969,138.8656,15.51781,107.97368,8.82843,92.88962,4.64092,0.31765,0.00442,0.31899,0.32078,0.32305,0.40774,0.01825,0.40838,0.41561,0.43603,54.45967,1,0,0,0,0,0.3189,0.31932,0.32104,0.32259,0.4079,0.40798,0.4165,0.42464,0.00126,0.00132,0.00135,0.00139,0.00394,0.00456,0.00433,0.00416,NA
2014-04-11,2014,101,33,thompsonfarm2N_2014_04_11_120108.jpg,162.2003,123.62961,94.85214,0.32476,0.42608,151.6987,11.77417,116.42593,7.6599,92.6567,5.4368,0.3226,0.00395,0.32316,0.32556,0.32737,0.42016,0.01332,0.42388,0.42959,0.43345,55.54195,2,0,0,0,0,0.32084,0.32135,0.32327,0.32487,0.4078,0.40778,0.41663,0.4244,0.00134,0.00141,0.00145,0.00148,0.00392,0.00447,0.0043,0.00412,NA
2014-04-14,2014,104,33,thompsonfarm2N_2014_04_14_120106.jpg,155.233,124.97793,100.81488,0.328,0.40741,138.789,11.07206,114.18487,6.72067,97.61011,6.70868,0.32563,0.00294,0.32528,0.32782,0.32952,0.39564,0.01811,0.39613,0.40592,0.4114,56.59832,2,0,0,0,0,0.32232,0.3228,0.32502,0.32662,0.40765,0.40752,0.41672,0.42411,0.00126,0.00132,0.00135,0.00139,0.00394,0.0044,0.00433,0.00416,NA
2014-04-17,2014,107,36,thompsonfarm2N_2014_04_17_120115.jpg,163.4584,124.15988,98.99986,0.32114,0.42279,145.175,14.11343,113.46318,10.20687,94.1136,8.31674,0.3215,0.00307,0.32236,0.32381,0.32435,0.41136,0.01404,0.41177,0.42336,0.42795,57.63564,2,0,0,0,0,0.3236,0.32398,0.32656,0.32813,0.40744,0.4072,0.41672,0.42381,0.00126,0.00132,0.00135,0.00139,0.004,0.00435,0.00439,0.00424,NA
2014-04-20,2014,110,36,thompsonfarm2N_2014_04_20_120058.jpg,158.3252,124.19682,98.36597,0.32607,0.41567,144.9307,15.25495,112.48749,12.41364,89.18862,8.42227,0.32414,0.00539,0.32564,0.32791,0.32873,0.41808,0.01127,0.41946,0.42657,0.43235,58.63745,2,0,0,0,0,0.32458,0.32487,0.32777,0.32931,0.40717,0.40684,0.4166,0.4235,0.00134,0.00141,0.00145,0.00148,0.00403,0.00435,0.00443,0.00429,NA
2014-04-23,2014,113,36,thompsonfarm2N_2014_04_23_120153.jpg,130.1137,106.133,94.08729,0.32129,0.39389,139.8228,11.38417,111.76714,9.93086,91.33315,7.76616,0.32561,0.0054,0.32578,0.32935,0.33173,0.40794,0.01357,0.40777,0.41835,0.42116,59.61317,1,0,0,0,0,0.32493,0.32516,0.32834,0.32992,0.40673,0.40644,0.41631,0.42314,0.00126,0.00132,0.00135,0.00139,0.004,0.0044,0.00439,0.00425,NA
2014-04-26,2014,116,36,thompsonfarm2N_2014_04_26_120111.jpg,135.0403,110.10547,95.05605,0.32365,0.39694,135.9502,10.43778,111.43335,6.9893,94.86371,6.35418,0.32548,0.0045,0.32427,0.32915,0.33193,0.39698,0.01507,0.39964,0.40338,0.41087,60.55974,2,0,0,0,0,0.32491,0.32511,0.32854,0.33019,0.4061,0.40601,0.41588,0.42269,0.00126,0.00132,0.00135,0.00139,0.00396,0.00447,0.00435,0.00418,NA
2014-04-29,2014,119,36,thompsonfarm2N_2014_04_29_120110.jpg,139.8845,112.17735,94.47297,0.32371,0.40367,139.4901,10.58377,113.17467,7.82567,95.53034,6.20299,0.32487,0.00341,0.32427,0.32737,0.32886,0.40045,0.01286,0.40016,0.40671,0.41736,61.47318,2,0,0,0,0,0.32529,0.32553,0.32906,0.33078,0.40537,0.40556,0.41537,0.42219,0.00134,0.00141,0.00145,0.00148,0.00396,0.00456,0.00435,0.00418,NA
2014-05-02,2014,122,36,thompsonfarm2N_2014_05_02_120106.jpg,155.2978,121.87021,92.9012,0.32932,0.41965,133.4584,13.03551,108.38725,10.404,90.83234,6.55521,0.32538,0.0064,0.32719,0.33056,0.33133,0.40086,0.01554,0.39707,0.41175,0.42213,62.34975,2,0,0,0,0,0.32619,0.32661,0.32988,0.33165,0.40465,0.40509,0.41486,0.42166,0.00128,0.00135,0.00139,0.00142,0.004,0.00464,0.00439,0.00425,NA
2014-05-05,2014,125,36,thompsonfarm2N_2014_05_05_120104.jpg,149.6677,122.59805,94.91931,0.33389,0.40761,137.6234,15.02702,110.8064,11.97897,90.18163,7.25713,0.32681,0.00551,0.32731,0.33036,0.33247,0.40603,0.01222,0.40559,0.41653,0.42293,63.18431,2,0,0,0,0,0.32736,0.328,0.33093,0.33275,0.40404,0.40461,0.4144,0.42114,0.00134,0.00141,0.00145,0.00148,0.00403,0.00467,0.00443,0.00429,NA
2014-05-08,2014,128,36,thompsonfarm2N_2014_05_08_120100.jpg,141.7711,117.72784,94.34041,0.33272,0.40067,133.6547,11.83498,110.14381,8.77366,90.57855,6.01197,0.32919,0.00509,0.33017,0.33229,0.3342,0.3994,0.01382,0.40095,0.41267,0.41425,63.98875,2,0,0,0,0,0.32917,0.33005,0.33269,0.3346,0.40341,0.404,0.41388,0.42055,0.00126,0.00132,0.00135,0.00139,0.004,0.00464,0.00439,0.00424,NA
2014-05-11,2014,131,36,thompsonfarm2N_2014_05_11_120056.jpg,150.6022,123.72299,95.23968,0.33478,0.40751,132.4422,11.61132,108.70255,8.87888,87.01414,6.63445,0.331,0.00503,0.33264,0.33435,0.33538,0.40337,0.01554,0.40237,0.41199,0.42184,64.74735,2,0,0,0,0,0.33141,0.33253,0.33484,0.33688,0.40259,0.4032,0.41319,0.41982,0.00126,0.00132,0.00135,0.00139,0.00394,0.00458,0.00433,0.00416,NA
2014-05-14,2014,134,37,thompsonfarm2N_2014_05_14_120106.jpg,138.9931,114.40394,86.68965,0.3364,0.4087,130.7511,9.29531,108.88785,8.05331,86.99151,5.50404,0.3331,0.00584,0.33358,0.3364,0.34057,0.40025,0.01246,0.40156,0.40851,0.41091,65.46486,2,0,0,0,0,0.33351,0.33474,0.33692,0.33906,0.40167,0.4023,0.41241,0.419,0.00134,0.00141,0.00145,0.00148,0.00392,0.00456,0.0043,0.00412,NA
2014-05-17,2014,137,36,thompsonfarm2N_2014_05_17_120106.jpg,124.3927,105.62337,83.95375,0.33641,0.39619,128.3077,10.80694,108.91338,6.99459,84.82398,5.97356,0.33807,0.00474,0.33913,0.34154,0.34316,0.39813,0.01903,0.39739,0.4128,0.42324,66.13336,2,0,0,0,0,0.33545,0.33657,0.33899,0.34115,0.40074,0.40138,0.41161,0.41819,0.00126,0.00132,0.00135,0.00139,0.00394,0.00458,0.00433,0.00416,NA
2014-05-20,2014,140,38,thompsonfarm2N_2014_05_20_120130.jpg,145.6164,116.36654,78.59057,0.34168,0.42756,130.3691,12.78584,106.96932,10.14285,80.29219,5.44205,0.3363,0.00752,0.33872,0.34102,0.34212,0.40999,0.01556,0.41113,0.42192,0.42641,66.74825,2,0,0,0,0,0.33737,0.33829,0.34114,0.34326,0.39989,0.40053,0.41086,0.41743,0.00126,0.00132,0.00135,0.00139,0.004,0.00464,0.00439,0.00424,NA
2014-05-23,2014,143,39,thompsonfarm2N_2014_05_23_120115.jpg,124.4683,103.70031,82.68876,0.33359,0.4004,128.5637,8.8298,109.01483,4.49576,84.73815,4.78915,0.33815,0.00418,0.33832,0.34062,0.34343,0.39856,0.01841,0.40124,0.41242,0.41536,67.33642,2,0,0,0,0,0.33898,0.3398,0.34296,0.34506,0.3992,0.39985,0.41026,0.41681,0.00134,0.00141,0.00145,0.00148,0.00403,0.00467,0.00443,0.00429,NA
2014-05-26,2014,146,39,thompsonfarm2N_2014_05_26_120111.jpg,124.8422,109.31944,86.82457,0.34057,0.38893,128.5398,7.99914,110.82246,7.00713,85.23318,6.40595,0.34119,0.00528,0.34076,0.3453,0.34738,0.3961,0.01669,0.39915,0.40782,0.41543,67.85828,2,0,0,0,0,0.34032,0.34116,0.34447,0.34653,0.3986,0.39919,0.40973,0.4163,0.00126,0.00132,0.00135,0.00139,0.004,0.00464,0.00439,0.00424,NA
2014-05-29,2014,149,39,thompsonfarm2N_2014_05_29_120108.jpg,139.5699,121.22067,86.86101,0.34868,0.40146,124.3183,11.76162,106.7973,8.52591,82.37161,5.81345,0.34035,0.00678,0.34114,0.34522,0.34716,0.39613,0.01961,0.40146,0.41141,0.41673,68.32891,2,0,0,0,0,0.34143,0.34233,0.34572,0.34778,0.39795,0.39841,0.40916,0.41584,0.00126,0.00132,0.00135,0.00139,0.00394,0.00458,0.00433,0.00416,NA
2014-06-01,2014,152,39,thompsonfarm2N_2014_06_01_120112.jpg,141.0431,118.64366,80.934,0.34832,0.41408,132.2998,11.92151,109.67117,10.94532,78.07278,4.86854,0.3421,0.00844,0.34448,0.34799,0.34992,0.41321,0.01103,0.41298,0.4198,0.42443,68.71515,2,0,0,0,0,0.34209,0.34306,0.34645,0.34852,0.39729,0.39757,0.40859,0.41541,0.00134,0.00141,0.00145,0.00148,0.00392,0.00456,0.0043,0.00412,NA
2014-06-04,2014,155,39,thompsonfarm2N_2014_06_04_120130.jpg,137.7174,118.75184,89.79616,0.34295,0.39772,126.2944,12.59387,110.49142,8.47155,84.05519,5.91248,0.34415,0.00549,0.34473,0.34679,0.34867,0.39307,0.01965,0.39046,0.40073,0.42338,69.11982,2,0,0,0,0,0.34209,0.34324,0.34639,0.3485,0.39665,0.39674,0.40801,0.415,0.00126,0.00132,0.00135,0.00139,0.00394,0.00458,0.00433,0.00416,NA
2014-06-07,2014,158,39,thompsonfarm2N_2014_06_07_120100.jpg,145.2388,119.40138,80.32582,0.34613,0.42102,126.7932,11.99758,107.43342,10.24993,80.59782,6.01028,0.34076,0.00843,0.34298,0.34612,0.34859,0.40247,0.016,0.40159,0.41723,0.42111,69.40453,2,0,0,0,0,0.3416,0.343,0.34577,0.34793,0.39605,0.396,0.40746,0.41459,0.00126,0.00132,0.00135,0.00139,0.004,0.00464,0.00439,0.00424,NA
2014-06-10,2014,161,39,thompsonfarm2N_2014_06_10_120121.jpg,119.096,109.325,89.0589,0.34435,0.37513,121.6021,7.82443,109.35955,6.07376,87.86022,3.38521,0.34284,0.00535,0.34361,0.34602,0.3478,0.38118,0.01167,0.38158,0.38792,0.39351,69.66257,2,0,0,0,0,0.34089,0.34254,0.345,0.34718,0.39552,0.39541,0.40695,0.41418,0.00134,0.00141,0.00145,0.00148,0.00403,0.00467,0.00443,0.00429,NA
2014-06-13,2014,164,31,thompsonfarm2N_2014_06_13_120115.jpg,105.8568,96.04632,84.62094,0.33521,0.36945,120.0607,11.44284,107.10448,7.76415,89.76441,4.15183,0.33771,0.00519,0.33878,0.34127,0.34429,0.37818,0.01685,0.37191,0.39311,0.40294,69.85936,1,0,0,0,0,0.33975,0.34165,0.34396,0.34613,0.39498,0.39489,0.40639,0.4137,0.00126,0.00132,0.00135,0.00139,0.004,0.00464,0.00439,0.00424,NA
2014-06-16,2014,167,39,thompsonfarm2N_2014_06_16_120137.jpg,135.2295,119.76931,90.79252,0.34636,0.39107,125.1967,11.32533,107.42374,9.88627,83.58323,4.33234,0.33927,0.00786,0.34183,0.34413,0.34603,0.39557,0.01181,0.39539,0.40431,0.40946,69.98215,2,0,0,0,0,0.33827,0.34047,0.34269,0.34481,0.39438,0.39434,0.40572,0.41314,0.00126,0.00132,0.00135,0.00139,0.00394,0.00456,0.00433,0.00416,NA
2014-06-19,2014,170,39,thompsonfarm2N_2014_06_19_120118.jpg,137.1272,112.97447,82.73925,0.33942,0.41199,126.3289,11.35949,105.64427,9.26838,81.9153,4.42792,0.33619,0.00773,0.3394,0.34103,0.34258,0.40205,0.01259,0.4073,0.41302,0.41583,70.05758,2,0,0,0,0,0.33722,0.33966,0.34184,0.3439,0.39377,0.39377,0.405,0.41255,0.00134,0.00141,0.00145,0.00148,0.00392,0.00447,0.0043,0.00412,NA
2014-06-22,2014,173,39,thompsonfarm2N_2014_06_22_120111.jpg,139.7821,113.49779,82.30856,0.33821,0.41653,126.3479,12.19429,106.31685,9.49942,83.29031,4.26794,0.33611,0.00765,0.33841,0.34082,0.34349,0.39934,0.01347,0.3981,0.41262,0.41609,70.07193,2,0,0,0,0,0.33691,0.33951,0.34169,0.34367,0.39319,0.3932,0.40431,0.41197,0.00126,0.00132,0.00135,0.00139,0.00394,0.0044,0.00433,0.00416,NA
2014-06-25,2014,176,39,thompsonfarm2N_2014_06_25_120139.jpg,143.7638,118.92641,86.09367,0.34097,0.41219,122.4812,11.03526,106.96071,8.2616,87.75958,5.45882,0.33687,0.00664,0.33888,0.3411,0.34295,0.38579,0.01842,0.38476,0.39753,0.41045,70.05245,2,0,0,0,0,0.33696,0.33964,0.34186,0.34376,0.3927,0.39266,0.40372,0.41147,0.00126,0.00132,0.00135,0.00139,0.004,0.00435,0.00439,0.00424,NA
2014-06-28,2014,179,39,thompsonfarm2N_2014_06_28_120123.jpg,136.9627,118.54239,88.7185,0.34438,0.39789,126.0447,11.53356,106.83211,10.8388,83.83951,4.78665,0.33671,0.00892,0.34049,0.34302,0.3444,0.39773,0.0115,0.396,0.40782,0.41256,69.97364,2,0,0,0,0,0.33705,0.33971,0.34197,0.34386,0.39235,0.39215,0.4033,0.41109,0.00134,0.00141,0.00145,0.00148,0.00403,0.00435,0.00443,0.00429,NA
2014-07-01,2014,182,39,thompsonfarm2N_2014_07_01_120129.jpg,130.0153,115.37677,89.79626,0.34421,0.38789,123.6464,12.98174,107.04464,10.56483,85.00632,4.96854,0.3386,0.0079,0.34198,0.34372,0.34511,0.39116,0.01646,0.39081,0.40244,0.41531,69.81992,2,0,0,0,0,0.33719,0.33966,0.34197,0.34396,0.39202,0.39171,0.4029,0.41075,0.00126,0.00132,0.00135,0.00139,0.004,0.0044,0.00439,0.00425,NA
2014-07-04,2014,185,39,thompsonfarm2N_2014_07_04_120114.jpg,130.5243,111.31994,87.45204,0.33805,0.39637,122.0972,9.38931,106.14187,9.1129,86.14975,7.01785,0.33726,0.00638,0.33835,0.34149,0.34434,0.38858,0.01498,0.39119,0.39922,0.40599,69.63268,2,0,0,0,0,0.33745,0.33962,0.34199,0.34416,0.39165,0.39135,0.40238,0.41038,0.00126,0.00132,0.00135,0.00139,0.00396,0.00447,0.00435,0.00418,NA
2014-07-07,2014,188,28,thompsonfarm2N_2014_07_07_120126.jpg,152.8049,125.20438,90.67407,0.3396,0.41446,128.2835,12.66517,110.62178,7.81232,87.52703,4.3028,0.33877,0.00469,0.33955,0.34155,0.34394,0.39225,0.01639,0.38927,0.40836,0.41346,69.36573,2,0,0,0,0,0.33765,0.33961,0.342,0.34424,0.39129,0.39109,0.40187,0.41003,0.00134,0.00141,0.00145,0.00148,0.00396,0.00456,0.00435,0.00418,NA
2014-07-10,2014,191,39,thompsonfarm2N_2014_07_10_120125.jpg,138.1671,117.78599,88.69739,0.34175,0.40089,125.8466,11.60492,105.91117,11.08058,83.17922,6.06465,0.33574,0.00866,0.33876,0.34085,0.34294,0.39954,0.01069,0.40089,0.40884,0.41216,69.04124,2,0,0,0,0,0.33771,0.33953,0.34189,0.34404,0.39103,0.39095,0.40148,0.40978,0.00128,0.00135,0.00139,0.00142,0.004,0.00464,0.00439,0.00425,NA
2014-07-13,2014,194,25,thompsonfarm2N_2014_07_13_120107.jpg,136.6004,121.08133,92.55947,0.34571,0.39002,125.8382,12.51724,107.44198,11.37253,84.91514,6.94972,0.33717,0.00792,0.33942,0.34246,0.34495,0.39536,0.01317,0.39397,0.40417,0.41347,68.66234,2,0,0,0,0,0.33773,0.33948,0.34181,0.34382,0.39093,0.39095,0.40131,0.40967,0.00134,0.00141,0.00145,0.00148,0.00403,0.00467,0.00443,0.00429,NA
2014-07-16,2014,197,40,thompsonfarm2N_2014_07_16_120123.jpg,131.3423,117.32087,89.73515,0.34669,0.38813,125.6595,10.70346,110.08777,7.18655,88.28579,4.43138,0.33962,0.00518,0.34027,0.34227,0.34416,0.38739,0.01604,0.38865,0.39943,0.40701,68.2163,2,0,0,0,0,0.3378,0.33968,0.34205,0.34381,0.39099,0.3911,0.40134,0.40972,0.00126,0.00132,0.00135,0.00139,0.004,0.00464,0.00439,0.00424,NA
2014-07-19,2014,200,39,thompsonfarm2N_2014_07_19_120109.jpg,126.0076,113.23212,91.56771,0.34229,0.38091,123.0249,9.63747,106.81953,8.9476,86.3624,5.82196,0.33746,0.00612,0.33949,0.34201,0.34245,0.38903,0.01242,0.38566,0.3967,0.41189,67.71891,2,0,0,0,0,0.33788,0.34,0.34245,0.34387,0.39113,0.39137,0.40146,0.40986,0.00126,0.00132,0.00135,0.00139,0.00394,0.00458,0.00433,0.00416,NA
2014-07-22,2014,203,39,thompsonfarm2N_2014_07_22_120110.jpg,120.6397,105.62829,87.19432,0.33697,0.38486,126.4492,13.57039,107.21951,12.72195,83.34606,7.21742,0.33749,0.00851,0.34085,0.34313,0.34439,0.3989,0.01481,0.3993,0.41034,0.41683,67.15991,2,0,0,0,0,0.33789,0.34015,0.34272,0.34391,0.39135,0.39173,0.40164,0.41007,0.00134,0.00141,0.00145,0.00148,0.00392,0.00456,0.0043,0.00412,NA
2014-07-25,2014,206,39,thompsonfarm2N_2014_07_25_120119.jpg,139.4959,120.95982,91.28243,0.34389,0.39659,126.3475,10.73871,108.94406,9.22174,86.47822,5.95626,0.33824,0.00628,0.34018,0.34219,0.3437,0.39257,0.01502,0.39297,0.40206,0.40956,66.55469,2,0,0,0,0,0.33776,0.34,0.3428,0.34394,0.39163,0.39215,0.4019,0.41034,0.00126,0.00132,0.00135,0.00139,0.00394,0.00458,0.00433,0.00416,NA
2014-07-28,2014,209,39,thompsonfarm2N_2014_07_28_120145.jpg,114.3224,104.27483,88.1919,0.33989,0.37264,122.7323,13.56487,108.27936,11.02839,89.72373,5.80894,0.3371,0.00841,0.3395,0.343,0.34415,0.38211,0.01652,0.38199,0.3941,0.40162,65.89791,2,0,0,0,0,0.33753,0.33969,0.34279,0.34396,0.39196,0.3926,0.40222,0.41065,0.00126,0.00132,0.00135,0.00139,0.004,0.00464,0.00439,0.00424,NA
2014-07-31,2014,212,38,thompsonfarm2N_2014_07_31_120120.jpg,139.2766,121.15856,92.29502,0.34349,0.39485,123.1756,12.68085,106.97061,12.71433,86.47299,9.13331,0.33713,0.00804,0.3392,0.34354,0.34433,0.38951,0.01843,0.39008,0.39655,0.4094,65.19276,2,0,0,0,0,0.33722,0.33934,0.34262,0.34389,0.39233,0.39305,0.40261,0.41099,0.00134,0.00141,0.00145,0.00148,0.00403,0.00467,0.00443,0.00429,NA
2014-08-03,2014,215,36,thompsonfarm2N_2014_08_03_120115.jpg,129.4619,114.79216,91.91236,0.34147,0.38511,119.7067,10.23864,106.32213,9.00115,88.71856,4.78166,0.33747,0.00669,0.33959,0.34217,0.34385,0.38002,0.01039,0.37838,0.38486,0.39525,64.43213,2,0,0,0,0,0.33681,0.33891,0.34219,0.34367,0.39281,0.39368,0.40315,0.41132,0.00126,0.00132,0.00135,0.00139,0.004,0.00464,0.00439,0.00424,NA
2014-08-06,2014,218,36,thompsonfarm2N_2014_08_06_120137.jpg,119.3121,107.21418,87.1592,0.34179,0.38036,124.9484,15.09242,107.223,11.89923,85.65975,7.22976,0.33689,0.00587,0.33768,0.34135,0.3426,0.3926,0.0174,0.39529,0.40601,0.41302,63.63626,2,0,0,0,0,0.33631,0.33842,0.34157,0.34334,0.39344,0.39458,0.40386,0.41167,0.00126,0.00132,0.00135,0.00139,0.00394,0.00458,0.00433,0.00416,NA
2014-08-09,2014,221,36,thompsonfarm2N_2014_08_09_120119.jpg,116.0716,105.79883,98.52346,0.33021,0.36228,127.6159,14.0259,106.30947,12.80307,83.0052,7.42755,0.33475,0.00804,0.33773,0.34041,0.34279,0.40259,0.01313,0.40312,0.41051,0.4174,62.79735,2,0,0,0,0,0.33587,0.33797,0.34095,0.34294,0.39417,0.39564,0.40469,0.41206,0.00134,0.00141,0.00145,0.00148,0.00392,0.00456,0.0043,0.00412,NA
2014-08-12,2014,224,36,thompsonfarm2N_2014_08_12_120124.jpg,134.6614,118.16986,91.23522,0.34345,0.39138,119.2925,13.80971,103.93885,11.65995,85.49289,8.2081,0.33611,0.00693,0.33799,0.34115,0.34401,0.38627,0.0219,0.38801,0.39747,0.41686,61.914,2,0,0,0,0,0.33551,0.33758,0.34036,0.34246,0.39494,0.39673,0.40557,0.41251,0.00126,0.00132,0.00135,0.00139,0.00394,0.00458,0.00433,0.00416,NA
2014-08-15,2014,227,36,thompsonfarm2N_2014_08_15_120127.jpg,131.4046,113.99804,91.85153,0.33802,0.38963,127.2696,13.28264,108.16973,11.71045,87.03481,7.60326,0.33492,0.00695,0.33768,0.33954,0.34109,0.39462,0.01497,0.3955,0.40465,0.41338,60.99402,2,0,0,0,0,0.33517,0.33723,0.33975,0.34191,0.3957,0.39772,0.40643,0.41305,0.00126,0.00132,0.00135,0.00139,0.004,0.00464,0.00439,0.00424,NA
2014-08-18,2014,230,36,thompsonfarm2N_2014_08_18_120112.jpg,145.6264,118.04995,87.77102,0.3359,0.41436,126.9811,15.0227,106.25943,12.16541,84.55147,7.84506,0.33393,0.00648,0.33625,0.33822,0.34031,0.39923,0.0154,0.4044,0.41262,0.4152,60.03402,2,0,0,0,0,0.33492,0.33693,0.33924,0.34136,0.39639,0.3985,0.40722,0.4137,0.00134,0.00141,0.00145,0.00148,0.00403,0.00467,0.00443,0.00429,NA
2014-08-21,2014,233,36,thompsonfarm2N_2014_08_21_120136.jpg,121.5151,108.46196,90.44866,0.33849,0.37923,124.9478,11.20776,107.37504,9.32532,87.02057,6.31996,0.33593,0.00574,0.33647,0.33949,0.34235,0.39113,0.01435,0.38723,0.40176,0.41201,59.04261,2,0,0,0,0,0.33481,0.33671,0.33883,0.34074,0.39726,0.39923,0.40823,0.41464,0.00126,0.00132,0.00135,0.00139,0.004,0.00464,0.00439,0.00424,NA
2014-08-24,2014,236,35,thompsonfarm2N_2014_08_24_120104.jpg,150.5366,120.92758,87.07723,0.33728,0.41986,128.6994,15.2056,107.22415,12.58369,83.76207,9.11049,0.33493,0.00619,0.33728,0.33866,0.3397,0.40253,0.0184,0.40626,0.41706,0.42094,58.0296,2,0,0,0,0,0.33478,0.33654,0.33848,0.34009,0.39848,0.40014,0.40965,0.41591,0.00126,0.00132,0.00135,0.00139,0.00394,0.00457,0.00433,0.00416,NA
2014-08-27,2014,239,33,thompsonfarm2N_2014_08_27_120101.jpg,148.7147,120.90041,88.59039,0.33752,0.41517,133.608,15.29315,109.28943,12.22992,83.49733,5.97138,0.33437,0.00576,0.3358,0.33844,0.33943,0.4088,0.01117,0.40966,0.41599,0.42105,56.75607,2,0,0,0,0,0.33478,0.3364,0.33823,0.33963,0.39987,0.40118,0.41128,0.41735,0.00134,0.00141,0.00145,0.00148,0.00392,0.00448,0.0043,0.00412,NA
2014-08-30,2014,242,33,thompsonfarm2N_2014_08_30_120107.jpg,142.5419,117.12676,86.7543,0.3381,0.41147,132.6268,13.84585,110.35988,9.97836,86.04745,5.66211,0.33519,0.00446,0.33667,0.33735,0.3388,0.40252,0.01409,0.40389,0.41459,0.41776,55.91088,2,0,0,0,0,0.33482,0.33633,0.33814,0.33947,0.40125,0.40231,0.4129,0.41883,0.00126,0.00132,0.00135,0.00139,0.00394,0.00441,0.00433,0.00416,NA
2014-09-02,2014,245,33,thompsonfarm2N_2014_09_02_120209.jpg,124.2302,108.76617,92.4371,0.33422,0.38174,130.6201,16.43507,108.10305,12.38447,84.00879,6.89261,0.3346,0.00553,0.33644,0.33821,0.33926,0.40402,0.01507,0.40923,0.41557,0.41731,54.81976,2,0,0,0,0,0.33488,0.3363,0.33812,0.33945,0.40244,0.40347,0.4143,0.42017,0.00126,0.00132,0.00135,0.00139,0.004,0.00436,0.00439,0.00424,NA
2014-09-05,2014,248,33,thompsonfarm2N_2014_09_05_120114.jpg,151.66,122.92131,90.0148,0.33714,0.41597,131.635,15.70659,109.19817,11.4702,85.14383,6.1381,0.33463,0.00502,0.33597,0.33834,0.33972,0.40302,0.01644,0.40438,0.4159,0.42201,53.69951,2,0,0,0,0,0.33492,0.33623,0.33807,0.33943,0.40327,0.40462,0.41526,0.42123,0.00134,0.00141,0.00145,0.00148,0.00403,0.00437,0.00443,0.00429,NA
2014-09-08,2014,251,33,thompsonfarm2N_2014_09_08_120107.jpg,148.6529,121.18502,90.33727,0.33646,0.41272,135.2817,12.44103,111.71646,10.24572,86.41206,6.26424,0.33478,0.00518,0.33616,0.33815,0.3402,0.40554,0.01177,0.40764,0.4157,0.41813,52.56767,2,0,0,0,0,0.335,0.3362,0.33808,0.33954,0.40405,0.40569,0.41615,0.42236,0.00126,0.00132,0.00135,0.00139,0.004,0.00442,0.0044,0.00425,NA
2014-09-11,2014,254,32,thompsonfarm2N_2014_09_11_120137.jpg,122.1756,109.67593,90.89189,0.33982,0.37855,132.7766,13.20476,112.8642,7.90585,89.6765,4.57036,0.33648,0.0039,0.33697,0.33893,0.34001,0.39527,0.01774,0.39904,0.41094,0.41805,51.41161,2,0,0,0,0,0.33514,0.33621,0.33815,0.33977,0.40508,0.40665,0.41731,0.42383,0.00126,0.00132,0.00135,0.00139,0.00396,0.0045,0.00435,0.00418,NA
2014-09-14,2014,257,30,thompsonfarm2N_2014_09_14_120104.jpg,151.4884,122.49807,90.79409,0.33581,0.41529,135.2281,14.31997,112.58603,9.45349,88.81574,4.9884,0.33424,0.00369,0.33492,0.33724,0.33927,0.40097,0.01662,0.40584,0.41437,0.41847,50.24656,2,0,0,0,0,0.33509,0.33607,0.33806,0.33976,0.40616,0.40744,0.41852,0.42536,0.00134,0.00141,0.00145,0.00148,0.00397,0.00459,0.00435,0.00418,NA
2014-09-17,2014,260,30,thompsonfarm2N_2014_09_17_120115.jpg,155.1118,122.85606,88.13342,0.33558,0.42369,136.2327,16.06498,111.79259,10.03527,86.91827,4.85686,0.33355,0.0037,0.3346,0.33571,0.33737,0.40572,0.0187,0.40814,0.42246,0.4285,49.05969,2,0,0,0,0,0.33482,0.3358,0.33774,0.33937,0.40705,0.40802,0.41953,0.42665,0.00128,0.00135,0.00139,0.00142,0.00401,0.00466,0.00441,0.00425,NA
2014-09-20,2014,263,30,thompsonfarm2N_2014_09_20_120103.jpg,144.2343,117.79598,88.16266,0.33637,0.41187,133.1957,11.64973,112.02068,8.49323,88.27637,3.75553,0.33569,0.00524,0.3373,0.33976,0.34137,0.39893,0.01279,0.4014,0.40706,0.41249,47.88408,2,0,0,0,0,0.33436,0.33534,0.33726,0.33881,0.40754,0.40833,0.4201,0.42743,0.00134,0.00141,0.00145,0.00148,0.00405,0.00469,0.00444,0.00429,NA
2014-09-23,2014,266,30,thompsonfarm2N_2014_09_23_120115.jpg,152.5067,121.21682,86.25269,0.33674,0.42366,141.7187,14.91652,113.93523,10.04872,84.73709,4.86789,0.33456,0.00345,0.33505,0.33708,0.33895,0.41559,0.01309,0.41805,0.42433,0.43005,46.69459,2,0,0,0,0,0.33359,0.3345,0.33658,0.33811,0.40771,0.40843,0.42031,0.42782,0.00126,0.00132,0.00135,0.00139,0.00401,0.00465,0.0044,0.00425,NA
2014-09-26,2014,269,30,thompsonfarm2N_2014_09_26_120112.jpg,163.9113,126.759,87.78963,0.33493,0.4331,141.8962,15.35729,111.93602,10.60658,82.25147,4.53591,0.33277,0.00484,0.3342,0.33598,0.33663,0.42147,0.01424,0.42177,0.43133,0.4382,45.50992,2,0,0,0,0,0.33264,0.33346,0.33576,0.33726,0.40776,0.40843,0.4204,0.42814,0.00126,0.00132,0.00135,0.00139,0.00395,0.00459,0.00434,0.00417,NA
2014-09-29,2014,272,30,thompsonfarm2N_2014_09_29_120119.jpg,132.5461,109.27351,83.80835,0.33558,0.40705,137.7053,16.40105,110.82834,9.21126,86.23663,6.20295,0.33091,0.00456,0.33152,0.33371,0.33513,0.41029,0.02244,0.40656,0.42879,0.43993,44.32577,2,0,0,0,0,0.3318,0.33251,0.33494,0.3364,0.4077,0.40834,0.42036,0.42835,0.00134,0.00141,0.00145,0.00148,0.00392,0.00456,0.00431,0.00414,NA
2014-10-02,2014,275,29,thompsonfarm2N_2014_10_02_120114.jpg,148.7711,115.94798,86.38013,0.33024,0.42373,134.7489,14.6149,109.29565,8.24496,87.58554,5.51542,0.32946,0.00319,0.32899,0.33245,0.33438,0.4055,0.02069,0.40854,0.42373,0.43027,43.13646,2,0,0,0,0,0.33131,0.33183,0.33424,0.33563,0.40755,0.40817,0.42021,0.42844,0.00126,0.00132,0.00135,0.00139,0.00395,0.00458,0.00434,0.00419,NA
2014-10-05,2014,278,30,thompsonfarm2N_2014_10_05_120115.jpg,154.7027,121.9022,88.97861,0.33345,0.42317,136.2099,18.77684,109.56393,13.18049,85.53163,5.8386,0.33025,0.00521,0.33142,0.33422,0.33621,0.40993,0.01668,0.41112,0.42266,0.42841,41.96209,2,0,0,0,0,0.33091,0.33121,0.33352,0.33484,0.40731,0.40793,0.41997,0.42838,0.00126,0.00132,0.00135,0.00139,0.00401,0.00463,0.0044,0.00427,NA
2014-10-08,2014,281,30,thompsonfarm2N_2014_10_08_120156.jpg,124.02,107.02289,96.46445,0.32678,0.37868,142.736,14.61708,114.30463,8.40756,87.78063,5.64775,0.33142,0.00275,0.33152,0.33291,0.33371,0.41322,0.01882,0.4161,0.42511,0.43433,40.79034,2,0,0,0,0,0.33018,0.33029,0.33252,0.33387,0.407,0.40762,0.41963,0.42813,0.00134,0.00141,0.00145,0.00148,0.00404,0.00467,0.00443,0.00432,NA
2014-10-11,2014,284,30,thompsonfarm2N_2014_10_11_120103.jpg,136.4107,110.76342,89.33944,0.32915,0.40536,142.9368,15.68608,114.69472,8.59379,89.4442,6.66681,0.33037,0.00251,0.33034,0.33237,0.33318,0.41099,0.02243,0.41155,0.427,0.43482,39.68632,2,0,0,0,0,0.32878,0.32878,0.33091,0.33245,0.40642,0.40702,0.41897,0.42751,0.00126,0.00132,0.00135,0.00139,0.004,0.00464,0.00439,0.00426,NA
2014-10-14,2014,287,21,thompsonfarm2N_2014_10_14_120126.jpg,143.6023,111.82703,84.88237,0.3286,0.42197,142.0971,14.86386,112.43815,8.77909,87.24482,5.79132,0.32887,0.00292,0.3286,0.33014,0.33163,0.41504,0.01774,0.41375,0.42197,0.4393,38.58549,2,0,0,0,0,0.32704,0.32696,0.32896,0.33077,0.40548,0.40603,0.41788,0.42647,0.00126,0.00132,0.00135,0.00139,0.00395,0.00459,0.00434,0.00417,NA
2014-10-17,2014,290,25,thompsonfarm2N_2014_10_17_120123.jpg,139.8826,109.91264,84.74963,0.32854,0.41813,133.204,15.47427,106.66658,8.25563,87.92867,5.6253,0.32541,0.0037,0.32519,0.32727,0.32978,0.40543,0.02016,0.40138,0.41777,0.43243,37.51153,2,0,0,0,0,0.32551,0.32538,0.32727,0.32932,0.40434,0.40481,0.41654,0.42517,0.00134,0.00141,0.00145,0.00148,0.00393,0.00457,0.00432,0.00412,NA
2014-10-20,2014,293,24,thompsonfarm2N_2014_10_20_120123.jpg,163.7751,122.7768,95.67899,0.32121,0.42847,145.6819,13.11873,115.40408,7.29009,96.71053,4.22928,0.32245,0.00346,0.322,0.32489,0.32721,0.40654,0.0165,0.40697,0.41788,0.42588,36.42499,2,0,0,0,0,0.32416,0.32402,0.32586,0.3281,0.40314,0.40354,0.41514,0.4238,0.00126,0.00132,0.00135,0.00139,0.00397,0.00461,0.00436,0.00416,NA
2014-10-23,2014,296,24,thompsonfarm2N_2014_10_23_120126.jpg,117.5922,92.08365,85.71012,0.31174,0.3981,122.7605,11.15542,100.72377,7.5381,92.20232,4.41278,0.31893,0.00379,0.3192,0.3211,0.32411,0.38836,0.01361,0.38996,0.3984,0.40402,35.38207,1,0,0,0,0,0.32288,0.32276,0.32457,0.32699,0.40202,0.40241,0.41387,0.42253,0.00126,0.00132,0.00135,0.00139,0.00404,0.00467,0.00444,0.00425,NA
2014-10-26,2014,299,24,thompsonfarm2N_2014_10_26_120057.jpg,148.1059,114.92234,94.80675,0.32116,0.41389,148.1703,13.29634,116.23121,8.61654,94.31769,5.50709,0.32392,0.00234,0.3241,0.32481,0.3272,0.41261,0.01295,0.41585,0.41981,0.4227,34.34915,2,0,0,0,0,0.32208,0.322,0.32378,0.32625,0.40115,0.40158,0.41291,0.42152,0.00134,0.00141,0.00145,0.00148,0.00409,0.00471,0.00449,0.0043,NA
2014-10-29,2014,302,24,thompsonfarm2N_2014_10_29_120253.jpg,137.0534,108.75173,93.77359,0.32025,0.4036,139.6142,11.81565,112.19887,7.31119,95.04433,3.78387,0.32334,0.00347,0.32317,0.32507,0.32823,0.40194,0.01406,0.40344,0.41,0.42017,33.3474,2,0,0,0,0,0.32225,0.32221,0.324,0.3263,0.40017,0.40072,0.41188,0.42036,0.00126,0.00132,0.00135,0.00139,0.00406,0.00469,0.00446,0.00427,NA
2014-11-01,2014,305,24,thompsonfarm2N_2014_11_01_120135.jpg,124.6929,109.37353,101.8562,0.32559,0.3712,130.4611,8.17855,111.18048,4.5467,102.54506,6.14236,0.323,0.00231,0.32269,0.32486,0.3259,0.37895,0.01688,0.37056,0.39816,0.40472,32.37957,1,0,0,0,0,0.32298,0.323,0.32484,0.32683,0.39877,0.39947,0.41042,0.41868,0.00126,0.00132,0.00135,0.00139,0.00401,0.00464,0.00441,0.00421,NA
2014-11-04,2014,308,24,thompsonfarm2N_2014_11_04_120205.jpg,144.8974,115.71807,97.93158,0.32274,0.40412,145.6831,10.66675,116.61537,5.36667,99.36921,4.59699,0.32239,0.00213,0.32246,0.32414,0.32505,0.40241,0.01556,0.40751,0.41289,0.41787,31.43959,2,0,0,0,0,0.32331,0.32338,0.32527,0.32702,0.39718,0.39805,0.40876,0.41676,0.00134,0.00141,0.00145,0.00148,0.004,0.00463,0.00439,0.0042,NA
2014-11-07,2014,311,24,thompsonfarm2N_2014_11_07_120111.jpg,141.2236,114.30368,101.16769,0.32045,0.39592,138.4529,11.19263,115.56898,5.96992,102.62259,4.30056,0.32398,0.00292,0.32423,0.32566,0.32769,0.38772,0.0163,0.3896,0.39909,0.40462,30.52001,1,0,0,0,0,0.32285,0.32297,0.32489,0.32649,0.39561,0.39664,0.40712,0.41488,0.00127,0.00133,0.00137,0.0014,0.00404,0.00467,0.00444,0.00426,NA
2014-11-10,2014,314,24,thompsonfarm2N_2014_11_10_120241.jpg,136.8223,116.88683,102.54903,0.3281,0.38405,146.1459,13.46491,116.91562,6.42492,98.44956,4.99872,0.32334,0.00323,0.32303,0.32589,0.32783,0.40352,0.01983,0.40343,0.42175,0.42765,29.64758,2,0,0,0,0,0.32208,0.32226,0.32419,0.32568,0.39427,0.39543,0.40573,0.41331,0.00129,0.00135,0.00139,0.00142,0.00411,0.00473,0.00452,0.00437,NA
2014-11-13,2014,317,24,thompsonfarm2N_2014_11_13_120108.jpg,150.3287,119.96032,99.20513,0.32466,0.40685,141.684,17.98274,114.2595,9.65973,100.12853,8.10838,0.3207,0.00613,0.32215,0.32496,0.32667,0.39667,0.02559,0.39857,0.4163,0.42733,28.81974,2,0,0,0,0,0.32131,0.3216,0.32356,0.32496,0.39337,0.39462,0.40483,0.41234,0.00136,0.00143,0.00147,0.0015,0.00416,0.00477,0.00456,0.00443,NA
2014-11-16,2014,320,7,thompsonfarm2N_2014_11_17_090046.jpg,112.9042,99.3255,98.13171,0.32003,0.36378,113.6312,2.71697,99.95876,2.8027,98.56686,2.51086,0.32019,0.00143,0.32025,0.32055,0.32154,0.36404,0.00317,0.36282,0.36596,0.36862,27.52589,NA,0,0,0,0,0.32066,0.32109,0.32309,0.32448,0.39277,0.39404,0.40426,0.41192,0.00127,0.00133,0.00137,0.0014,0.00412,0.00474,0.00453,0.00439,NA
2014-11-19,2014,323,24,thompsonfarm2N_2014_11_19_120111.jpg,162.6641,124.42452,103.91578,0.31822,0.41602,153.1284,13.52532,119.57836,6.72323,102.94972,7.43731,0.31829,0.0028,0.31804,0.32014,0.32185,0.40709,0.02018,0.41587,0.41888,0.42395,27.28687,2,0,0,0,0,0.31992,0.32048,0.32254,0.32402,0.39218,0.3934,0.40373,0.41178,0.00131,0.00138,0.00142,0.00145,0.00406,0.00468,0.00446,0.00431,NA
2014-11-22,2014,326,24,thompsonfarm2N_2014_11_22_120101.jpg,155.8424,119.86223,101.15557,0.31805,0.41353,151.4746,11.82169,118.24872,5.64365,100.93203,6.56243,0.31897,0.00322,0.3192,0.32181,0.32259,0.40824,0.0191,0.41158,0.42178,0.43081,26.59256,2,0,0,0,0,0.31904,0.31962,0.32171,0.32337,0.39163,0.39275,0.40326,0.41183,0.00144,0.00151,0.00155,0.00159,0.00404,0.00465,0.00443,0.00427,NA
2014-11-25,2014,329,21,thompsonfarm2N_2014_11_25_120100.jpg,134.1402,115.12854,104.20145,0.32571,0.3795,130.8431,11.74776,111.67767,8.74504,105.95768,12.48588,0.32051,0.00609,0.32346,0.32538,0.32567,0.37563,0.01795,0.37644,0.38193,0.38967,26.09748,2,0,0,0,0,0.31787,0.31828,0.32043,0.32248,0.39114,0.39216,0.40286,0.412,0.00136,0.00143,0.00147,0.00151,0.00407,0.00468,0.00446,0.00432,NA
2014-11-28,2014,332,0,None,NA,NA,NA,NA,NA,NA,NA,NA,NA,NA,NA,NA,NA,NA,NA,NA,NA,NA,NA,NA,NA,NA,NA,0,0,0,0,0.31653,0.31669,0.31892,0.32144,0.39075,0.39166,0.40256,0.4122,0.00138,0.00145,0.00149,0.00153,0.00413,0.00474,0.00453,0.00441,NA
2014-12-01,2014,335,9,thompsonfarm2N_2014_12_01_110120.jpg,132.4904,114.87767,115.77893,0.31634,0.36484,140.8729,10.48277,113.61516,4.81557,105.06447,8.5879,0.31591,0.00479,0.31323,0.31634,0.32416,0.39155,0.02167,0.38728,0.39192,0.42816,24.6669,5,0,0,0,0,0.31533,0.31535,0.31754,0.32031,0.39048,0.39132,0.40236,0.41236,0.00148,0.00156,0.0016,0.00164,0.00416,0.00477,0.00457,0.00446,NA
2014-12-04,2014,338,17,thompsonfarm2N_2014_12_04_120108.jpg,156.924,119.67896,101.82518,0.31625,0.41467,141.8361,13.30526,113.26366,6.27515,106.4886,8.17831,0.31311,0.00393,0.31398,0.31546,0.3165,0.39168,0.0236,0.40084,0.41289,0.41644,24.35404,4,0,0,0,0,0.31424,0.31422,0.31615,0.31872,0.39051,0.39123,0.40249,0.41279,0.00136,0.00143,0.00147,0.00151,0.00412,0.00473,0.00453,0.0044,NA
2014-12-07,2014,341,18,thompsonfarm2N_2014_12_07_120116.jpg,154.6314,117.59274,102.47443,0.31383,0.41268,139.5637,10.55281,113.41855,3.70011,110.60266,4.7851,0.31193,0.00223,0.31178,0.31326,0.3143,0.38338,0.01825,0.37592,0.39232,0.41388,24.10926,4,0,0,0,0,0.31319,0.31318,0.31472,0.31685,0.39091,0.39141,0.40306,0.41368,0.00129,0.00136,0.0014,0.00143,0.00405,0.00467,0.00445,0.0043,NA
2014-12-10,2014,344,18,thompsonfarm2N_2014_12_10_120121.jpg,129.6164,109.03184,111.45668,0.31143,0.37022,128.8858,4.81424,108.40402,2.59639,109.82379,3.20776,0.31232,0.00188,0.31261,0.31351,0.31443,0.37123,0.00666,0.37206,0.37664,0.38042,23.82274,1,0,0,0,0,0.31251,0.31257,0.3138,0.31552,0.3915,0.39174,0.40385,0.41482,0.00134,0.00141,0.00145,0.00148,0.00401,0.00463,0.0044,0.00424,NA
2014-12-13,2014,347,18,thompsonfarm2N_2014_12_13_120135.jpg,130.0023,105.61891,103.95518,0.31103,0.38284,143.4803,13.70364,115.57926,7.26809,111.90395,11.69868,0.3117,0.00418,0.31224,0.31379,0.31599,0.38648,0.02107,0.38068,0.39728,0.42307,23.53541,5,0,0,0,0,0.31255,0.31284,0.31388,0.31532,0.39214,0.39211,0.40468,0.41599,0.00126,0.00132,0.00136,0.00139,0.00403,0.00464,0.00442,0.00426,NA
2014-12-16,2014,350,18,thompsonfarm2N_2014_12_16_120112.jpg,137.7486,111.56201,107.63763,0.31254,0.38591,142.6574,10.49825,114.00523,3.71432,105.61291,5.68341,0.31467,0.0017,0.31539,0.31584,0.31647,0.39337,0.01916,0.3861,0.41342,0.42008,23.44227,5,0,0,0,0,0.31306,0.31365,0.31455,0.31581,0.39265,0.39241,0.40535,0.41695,0.00128,0.00134,0.00138,0.00141,0.00408,0.00469,0.00447,0.00433,NA
2014-12-19,2014,353,18,thompsonfarm2N_2014_12_19_120131.jpg,127.0123,104.03173,102.89763,0.31153,0.38034,144.0363,13.11411,112.48851,6.12962,101.49022,2.57404,0.31417,0.002,0.31462,0.31525,0.31661,0.40154,0.0163,0.40118,0.41653,0.42242,23.35616,1,0,0,0,0,0.31342,0.31414,0.31504,0.31624,0.39289,0.39254,0.40568,0.41747,0.00138,0.00144,0.00148,0.00152,0.0041,0.00472,0.0045,0.00436,NA
2014-12-22,2014,356,18,thompsonfarm2N_2014_12_22_120114.jpg,156.8164,117.13528,99.73611,0.31346,0.41965,130.8507,15.48651,105.19027,7.90531,101.44019,3.405,0.31166,0.00208,0.3119,0.31312,0.31427,0.3865,0.01819,0.38618,0.39655,0.40899,23.37117,4,0,0,0,0,0.3135,0.31408,0.3152,0.31648,0.39301,0.39264,0.40587,0.41777,0.00127,0.00134,0.00137,0.00141,0.00406,0.00469,0.00446,0.0043,NA
2014-12-25,2014,359,18,thompsonfarm2N_2014_12_25_120105.jpg,155.6607,120.91222,106.00292,0.31605,0.40688,134.7459,18.33003,108.66217,8.44677,102.82953,6.46805,0.31362,0.00408,0.3154,0.31646,0.31822,0.38756,0.02916,0.38029,0.41817,0.42223,23.46823,2,0,0,0,0,0.31344,0.31377,0.31524,0.31666,0.39322,0.39288,0.40623,0.41815,0.00125,0.00132,0.00135,0.00139,0.004,0.00465,0.00439,0.00421,NA
2014-12-28,2014,362,19,thompsonfarm2N_2014_12_28_120114.jpg,134.8601,111.03519,104.56343,0.31683,0.38481,146.2235,12.89865,113.29797,4.5169,100.31331,6.16712,0.31483,0.00271,0.31463,0.31675,0.31754,0.4057,0.0232,0.41862,0.42378,0.43059,23.63312,5,0,0,0,0,0.31307,0.31315,0.31488,0.31641,0.39349,0.39319,0.40665,0.41853,0.00134,0.0014,0.00144,0.00148,0.00397,0.00464,0.00436,0.00416,NA
2014-12-31,2014,365,21,thompsonfarm2N_2014_12_31_120121.jpg,154.0602,113.48256,95.74745,0.31237,0.42407,154.357,9.04009,115.64132,4.11374,100.30083,4.73263,0.31228,0.00188,0.31175,0.31358,0.31479,0.41659,0.01442,0.41764,0.42187,0.42821,23.86002,2,0,0,0,0,0.31209,0.31194,0.31376,0.31536,0.39377,0.39353,0.40706,0.41883,0.00125,0.00131,0.00135,0.00138,0.00399,0.00467,0.00438,0.00419,NA
2015-01-02,2015,2,14,thompsonfarm2N_2015_01_02_120134.jpg,134.6367,107.73772,104.18052,0.31088,0.3885,146.94,11.10444,112.38769,4.62361,100.38448,6.17824,0.31239,0.00269,0.31162,0.31381,0.31596,0.40808,0.01943,0.40542,0.42405,0.43305,24.05593,NA,0,0,0,0,0.31125,0.31094,0.31276,0.31438,0.39393,0.39374,0.40728,0.41896,0.00125,0.00131,0.00135,0.00138,0.00402,0.0047,0.00442,0.00424,NA
2015-01-05,2015,5,21,thompsonfarm2N_2015_01_05_120114.jpg,157.3182,118.5205,102.89154,0.31294,0.41538,139.332,12.30633,112.03803,6.18569,111.39599,6.20623,0.30876,0.00302,0.30816,0.3102,0.31311,0.38351,0.01853,0.37856,0.38382,0.41538,24.39826,NA,0,0,0,0,0.31024,0.30973,0.31154,0.31317,0.39411,0.39398,0.40746,0.41899,0.00134,0.0014,0.00144,0.00148,0.00405,0.00472,0.00444,0.00428,NA
2015-01-08,2015,8,21,thompsonfarm2N_2015_01_08_120733.jpg,153.8491,118.55733,113.06568,0.30756,0.39912,149.7439,14.10928,115.64972,7.46329,109.23452,5.44857,0.30861,0.00278,0.30825,0.31012,0.31119,0.39896,0.01797,0.40188,0.40841,0.41676,24.67262,NA,0,0,0,0,0.30971,0.30914,0.31091,0.31242,0.39418,0.39416,0.40745,0.41868,0.00125,0.00132,0.00135,0.00139,0.00402,0.00467,0.00441,0.00424,NA
2015-01-11,2015,11,21,thompsonfarm2N_2015_01_11_120649.jpg,151.1085,114.91942,106.53915,0.30845,0.40559,145.7752,9.98869,114.17008,4.93107,109.8525,3.92691,0.30872,0.00145,0.30874,0.30926,0.30989,0.39383,0.01294,0.392,0.40424,0.40906,25.23111,NA,0,0,0,0,0.3094,0.30885,0.31056,0.31191,0.39418,0.39437,0.40734,0.41803,0.00127,0.00134,0.00137,0.00141,0.00397,0.00458,0.00436,0.00418,NA
2015-01-14,2015,14,21,thompsonfarm2N_2015_01_14_120116.jpg,137.0382,110.563,111.08629,0.30824,0.38205,138.4408,10.047,109.74799,5.20157,107.80835,6.01065,0.30825,0.00172,0.30757,0.30916,0.31053,0.38858,0.0156,0.38205,0.40531,0.41001,25.80609,NA,0,0,0,0,0.30921,0.30876,0.31043,0.31169,0.39415,0.39459,0.40716,0.41719,0.00138,0.00144,0.00148,0.00152,0.00395,0.00447,0.00434,0.00417,NA
2015-01-17,2015,17,21,thompsonfarm2N_2015_01_17_120129.jpg,150.9775,116.00335,109.01241,0.30853,0.40154,146.6054,12.542,114.59924,4.98437,108.22392,4.1383,0.31019,0.00216,0.30964,0.31211,0.31282,0.39618,0.01866,0.40124,0.40875,0.41959,26.39505,NA,0,0,0,0,0.30919,0.30895,0.31065,0.31199,0.39414,0.39483,0.40698,0.41633,0.00127,0.00134,0.00137,0.00141,0.00399,0.00438,0.00438,0.00425,NA
2015-01-20,2015,20,21,thompsonfarm2N_2015_01_20_120901.jpg,160.6726,122.46306,107.81238,0.31325,0.41098,152.2576,10.71686,115.56431,5.31028,103.17234,3.58839,0.31146,0.002,0.31083,0.31233,0.31401,0.40997,0.01335,0.4123,0.41909,0.42418,26.95572,NA,0,0,0,0,0.30928,0.30931,0.31105,0.31256,0.39417,0.39509,0.40684,0.41558,0.00126,0.00132,0.00136,0.00139,0.00406,0.00434,0.00445,0.00435,NA
2015-01-23,2015,23,21,thompsonfarm2N_2015_01_23_120834.jpg,156.4935,121.3572,107.12012,0.31524,0.40651,154.1707,10.0096,120.4572,6.05303,114.53092,15.83959,0.30963,0.00536,0.31023,0.3128,0.31556,0.39671,0.02571,0.40991,0.41995,0.42117,27.72476,NA,0,0,0,0,0.30917,0.30944,0.31115,0.31276,0.39431,0.39536,0.40678,0.41511,0.00134,0.00141,0.00145,0.00148,0.00409,0.00434,0.00449,0.0044,NA
2015-01-26,2015,26,21,thompsonfarm2N_2015_01_26_120135.jpg,154.9881,118.13146,109.43418,0.3088,0.40514,142.4304,17.0419,112.03188,8.64573,109.8599,5.9869,0.30734,0.0031,0.30838,0.30931,0.31018,0.38973,0.0229,0.40092,0.40691,0.41235,28.49834,NA,0,0,0,0,0.30863,0.30912,0.31061,0.31218,0.39442,0.39565,0.40657,0.41462,0.00126,0.00132,0.00135,0.00139,0.00404,0.0044,0.00444,0.00433,NA
2015-01-29,2015,29,21,thompsonfarm2N_2015_01_29_120130.jpg,152.417,115.56653,105.50481,0.30942,0.40809,150.6324,11.26493,118.61291,6.40001,116.81364,12.3333,0.30727,0.00324,0.3081,0.30942,0.31124,0.39028,0.02164,0.38725,0.40599,0.42059,29.30032,NA,0,0,0,0,0.30788,0.30858,0.30976,0.31122,0.3944,0.39595,0.40609,0.41387,0.00126,0.00132,0.00135,0.00139,0.00399,0.0045,0.00438,0.00424,NA
2015-02-01,2015,32,21,thompsonfarm2N_2015_02_01_120114.jpg,157.4458,121.2866,113.1321,0.30951,0.40179,144.7657,17.70831,113.72929,9.82748,111.38205,4.18,0.30732,0.00226,0.30811,0.30867,0.31002,0.39009,0.018,0.39863,0.40179,0.41223,30.14944,NA,0,0,0,0,0.3073,0.30811,0.30905,0.31041,0.39435,0.39626,0.40552,0.41305,0.00134,0.00141,0.00145,0.00148,0.00399,0.00461,0.00438,0.00422,NA
2015-02-04,2015,35,21,thompsonfarm2N_2015_02_04_120132.jpg,155.3148,117.61873,105.56197,0.31075,0.41035,148.6404,6.7028,116.99212,5.42038,115.23588,9.84184,0.30724,0.00226,0.30773,0.30891,0.30963,0.39054,0.01192,0.39427,0.39945,0.4055,31.04091,NA,0,0,0,0,0.30707,0.3077,0.30855,0.30982,0.39437,0.39659,0.40507,0.41238,0.00128,0.00135,0.00139,0.00142,0.00404,0.00471,0.00444,0.00428,NA
2015-02-07,2015,38,24,thompsonfarm2N_2015_02_07_120111.jpg,138.5281,110.93293,110.79099,0.30793,0.38453,138.8331,8.38458,111.4531,5.69202,112.4332,6.66764,0.30724,0.00187,0.30771,0.30829,0.30899,0.38272,0.01104,0.3821,0.38753,0.39716,31.97308,NA,0,0,0,0,0.30696,0.30737,0.3082,0.30939,0.39455,0.39693,0.40491,0.41205,0.00134,0.00141,0.00145,0.00148,0.00409,0.00476,0.00449,0.00432,NA
2015-02-10,2015,41,27,thompsonfarm2N_2015_02_10_120122.jpg,145.2353,115.55769,114.17739,0.30818,0.38732,142.6016,14.53606,112.72716,8.4779,111.85871,8.67118,0.30691,0.00284,0.30723,0.30818,0.31066,0.38781,0.01915,0.38732,0.40038,0.41138,32.93778,NA,0,0,0,0,0.30692,0.30722,0.30815,0.3093,0.39485,0.39723,0.40494,0.41202,0.00126,0.00132,0.00135,0.00139,0.00409,0.00476,0.00449,0.00429,NA
2015-02-13,2015,44,26,thompsonfarm2N_2015_02_13_120147.jpg,150.2421,116.93418,113.23123,0.30739,0.39495,140.1198,10.93303,110.35037,6.66411,108.83142,5.7451,0.3071,0.00137,0.30713,0.30796,0.30861,0.38966,0.01171,0.38847,0.39645,0.40372,33.94752,NA,0,0,0,0,0.30697,0.30716,0.30829,0.30945,0.39517,0.39744,0.40491,0.41209,0.00126,0.00132,0.00135,0.00139,0.00407,0.00474,0.00447,0.00425,NA
2015-02-16,2015,47,27,thompsonfarm2N_2015_02_16_120159.jpg,148.9683,115.87046,112.19839,0.30732,0.3951,146.0503,11.24294,113.83507,6.04795,110.74495,5.38257,0.30709,0.00196,0.30681,0.30827,0.30977,0.39367,0.01448,0.39363,0.40248,0.41311,34.98342,NA,0,0,0,0,0.30714,0.30723,0.30852,0.30972,0.39552,0.39762,0.40488,0.41224,0.00134,0.00141,0.00145,0.00148,0.00409,0.00476,0.00449,0.00427,NA
2015-02-19,2015,50,27,thompsonfarm2N_2015_02_19_120142.jpg,157.6335,117.60739,104.73226,0.30952,0.41485,143.8118,10.92914,112.46972,6.03846,110.0206,7.53688,0.30703,0.00269,0.30711,0.30936,0.30965,0.39231,0.01611,0.39261,0.40371,0.41109,36.04746,NA,0,0,0,0,0.3074,0.3074,0.30877,0.31007,0.3959,0.39781,0.4049,0.41247,0.00126,0.00132,0.00136,0.00139,0.00416,0.00482,0.00457,0.00436,NA
2015-02-22,2015,53,27,thompsonfarm2N_2015_02_22_120108.jpg,165.4319,130.25062,132.61524,0.30411,0.38625,150.6121,11.33816,117.64211,8.08452,114.11372,12.7604,0.30778,0.00264,0.30859,0.30926,0.30995,0.39416,0.0166,0.39518,0.40375,0.41136,37.13244,NA,0,0,0,0,0.30776,0.30768,0.30911,0.31054,0.3963,0.39805,0.40502,0.41277,0.00128,0.00134,0.00138,0.00141,0.00425,0.00489,0.00467,0.0045,NA
2015-02-25,2015,56,27,thompsonfarm2N_2015_02_25_120159.jpg,154.4301,118.11132,106.65763,0.31148,0.40725,147.5247,9.31936,114.06361,4.79723,107.82847,4.62135,0.3087,0.00268,0.30797,0.3098,0.31324,0.39905,0.01349,0.39708,0.40522,0.41193,38.17246,NA,0,0,0,0,0.30826,0.30814,0.30963,0.31113,0.39673,0.39838,0.40528,0.41311,0.00136,0.00143,0.00147,0.00151,0.0043,0.00494,0.00472,0.00458,NA
2015-02-28,2015,59,27,thompsonfarm2N_2015_02_28_120106.jpg,153.3297,116.96759,106.72713,0.31024,0.40668,149.6254,10.30122,114.38626,6.03442,105.4347,4.63398,0.30955,0.00189,0.30924,0.31073,0.31238,0.40469,0.01166,0.40187,0.40821,0.42309,39.3724,NA,0,0,0,0,0.30901,0.30884,0.31037,0.31192,0.39733,0.39887,0.40581,0.41367,0.00128,0.00135,0.00139,0.00142,0.00428,0.00492,0.0047,0.00455,NA
2015-03-03,2015,62,27,thompsonfarm2N_2015_03_03_120127.jpg,151.6276,115.02984,104.24346,0.31014,0.40881,144.5366,6.62667,112.70352,4.27072,107.3668,8.09323,0.30914,0.00173,0.30924,0.31009,0.31086,0.39655,0.01341,0.39921,0.40372,0.41121,40.51561,NA,0,0,0,0,0.30994,0.30974,0.3113,0.31287,0.3982,0.39951,0.40663,0.41453,0.00129,0.00135,0.00139,0.00143,0.00424,0.00488,0.00465,0.0045,NA
2015-03-06,2015,65,27,thompsonfarm2N_2015_03_06_120124.jpg,152.5167,117.37125,110.3874,0.30865,0.40107,146.1151,8.81052,113.35692,4.83526,105.61798,4.44894,0.31044,0.00218,0.3098,0.31222,0.31411,0.39998,0.0127,0.40175,0.40758,0.41265,41.6723,NA,0,0,0,0,0.31094,0.31075,0.31239,0.31395,0.39921,0.40024,0.40761,0.41557,0.00139,0.00145,0.0015,0.00153,0.00424,0.00487,0.00465,0.00449,NA
2015-03-09,2015,68,27,thompsonfarm2N_2015_03_09_120136.jpg,163.4494,122.53444,107.79259,0.31118,0.41508,148.3538,10.84436,112.24449,5.93182,100.28817,4.99671,0.31096,0.00215,0.31121,0.31245,0.31339,0.41071,0.01411,0.4107,0.41717,0.42885,42.83613,NA,0,0,0,0,0.31194,0.31187,0.31361,0.31513,0.40023,0.40099,0.40863,0.41665,0.00147,0.00154,0.00158,0.00162,0.0043,0.00492,0.00472,0.00457,NA
2015-03-12,2015,71,9,thompsonfarm2N_2015_03_11_160114.jpg,152.4735,112.40316,86.77704,0.31964,0.43359,148.5316,8.50563,113.32053,4.42339,97.64483,4.8122,0.31518,0.00303,0.31523,0.31747,0.31916,0.41296,0.01363,0.41385,0.42515,0.4277,43.2289,NA,0,0,0,0,0.31282,0.31289,0.31472,0.31624,0.40116,0.40168,0.40957,0.41764,0.00172,0.00181,0.00186,0.0019,0.00439,0.005,0.00481,0.0047,NA
2015-03-15,2015,74,0,None,NA,NA,NA,NA,NA,NA,NA,NA,NA,NA,NA,NA,NA,NA,NA,NA,NA,NA,NA,NA,NA,NA,NA,0,0,0,0,0.31332,0.31346,0.31534,0.31694,0.40186,0.40225,0.41031,0.41842,0.00193,0.00202,0.00208,0.00213,0.00443,0.00504,0.00487,0.00476,NA
2015-03-18,2015,77,0,None,NA,NA,NA,NA,NA,NA,NA,NA,NA,NA,NA,NA,NA,NA,NA,NA,NA,NA,NA,NA,NA,NA,NA,0,0,0,0,0.31306,0.31311,0.31493,0.31685,0.40254,0.40281,0.41113,0.41915,0.00176,0.00185,0.0019,0.00195,0.00439,0.005,0.00482,0.0047,NA
2015-03-21,2015,80,0,None,NA,NA,NA,NA,NA,NA,NA,NA,NA,NA,NA,NA,NA,NA,NA,NA,NA,NA,NA,NA,NA,NA,NA,0,0,0,0,0.31232,0.31218,0.31392,0.31626,0.40337,0.40353,0.41228,0.42001,0.00167,0.00175,0.00181,0.00185,0.0043,0.00492,0.00473,0.00459,NA
2015-03-24,2015,83,28,thompsonfarm2N_2015_03_24_120140.jpg,153.487,116.88062,103.79313,0.31238,0.41022,148.2661,8.74135,112.87494,6.66641,100.37046,6.50352,0.31218,0.00286,0.31256,0.3142,0.31628,0.41015,0.00861,0.40897,0.41557,0.42159,48.6997,NA,0,0,0,0,0.31187,0.31165,0.31333,0.31586,0.40428,0.40435,0.41359,0.42094,0.00174,0.00183,0.00188,0.00193,0.00425,0.00481,0.00467,0.00452,NA
2015-03-27,2015,86,33,thompsonfarm2N_2015_03_27_120126.jpg,131.4427,104.37438,101.13685,0.30976,0.39009,133.6906,7.60182,106.64192,4.84046,103.26457,4.82407,0.31034,0.00258,0.30973,0.31092,0.31393,0.38896,0.01056,0.38888,0.39744,0.40291,49.85294,NA,0,0,0,0,0.31165,0.31147,0.31319,0.3155,0.40515,0.40524,0.41488,0.42184,0.00151,0.00158,0.00163,0.00167,0.00426,0.0047,0.00468,0.00454,NA
2015-03-30,2015,89,32,thompsonfarm2N_2015_03_30_120156.jpg,131.6346,105.68812,103.75301,0.30987,0.38594,142.1236,9.81879,110.22399,5.73308,101.27513,5.31554,0.31164,0.00263,0.31087,0.3131,0.31575,0.40165,0.01418,0.40551,0.41067,0.41594,51.00911,NA,0,0,0,0,0.3114,0.31132,0.31313,0.31501,0.4059,0.40615,0.41597,0.42265,0.00133,0.00139,0.00143,0.00147,0.00431,0.00463,0.00473,0.00461,NA
2015-04-02,2015,92,33,thompsonfarm2N_2015_04_02_120133.jpg,154.7354,116.30507,101.61331,0.3121,0.41523,144.3674,9.57383,110.67838,5.57892,97.88341,6.20375,0.31359,0.00315,0.31415,0.3161,0.31724,0.40888,0.01365,0.40874,0.41523,0.42722,52.12412,NA,0,0,0,0,0.31162,0.31164,0.31356,0.31505,0.40642,0.40704,0.41671,0.42327,0.00142,0.00149,0.00153,0.00157,0.00434,0.00461,0.00476,0.00465,NA
2015-04-05,2015,95,33,thompsonfarm2N_2015_04_05_120125.jpg,150.8282,114.46299,99.78992,0.31353,0.41314,147.3735,9.88961,111.45821,6.55271,96.25561,5.64361,0.31382,0.00247,0.31368,0.31551,0.31627,0.41487,0.01144,0.41475,0.42041,0.42926,53.25461,NA,0,0,0,0,0.31288,0.31302,0.31501,0.31635,0.4068,0.40787,0.41726,0.42383,0.00139,0.00145,0.0015,0.00153,0.00428,0.00463,0.0047,0.00457,NA
2015-04-08,2015,98,33,thompsonfarm2N_2015_04_08_120202.jpg,147.6327,110.57998,96.63624,0.31163,0.41604,139.6497,8.79108,109.22347,5.02625,102.60463,7.53021,0.31073,0.00253,0.31146,0.31258,0.31364,0.39725,0.01688,0.39787,0.4114,0.41859,54.35677,NA,0,0,0,0,0.31482,0.31508,0.3171,0.31844,0.40717,0.4086,0.41788,0.42446,0.00131,0.00137,0.00141,0.00145,0.00421,0.0047,0.00462,0.00445,NA
2015-04-11,2015,101,33,thompsonfarm2N_2015_04_11_120129.jpg,141.0881,108.01761,96.74706,0.31232,0.40794,139.4099,16.47937,106.43414,9.3534,93.38788,5.12754,0.31349,0.00454,0.31362,0.31706,0.31874,0.40978,0.02006,0.41296,0.42876,0.43339,55.44862,NA,0,0,0,0,0.3165,0.31684,0.31884,0.32019,0.4075,0.40918,0.41847,0.42507,0.00134,0.00141,0.00145,0.00148,0.00416,0.00477,0.00457,0.00438,NA
2015-04-14,2015,104,33,thompsonfarm2N_2015_04_14_120146.jpg,153.6295,118.6714,92.75259,0.32508,0.42084,145.3217,12.42966,112.40609,7.34958,90.44678,6.00057,0.32277,0.00363,0.32369,0.3255,0.32618,0.41697,0.01682,0.42257,0.42973,0.43421,56.49297,NA,0,0,0,0,0.31793,0.31826,0.32017,0.32162,0.40773,0.40957,0.41894,0.42556,0.00128,0.00135,0.00139,0.00142,0.00417,0.00483,0.00458,0.00438,NA
2015-04-17,2015,107,35,thompsonfarm2N_2015_04_17_120136.jpg,140.1188,113.74727,97.11503,0.32408,0.39922,138.953,15.18231,110.50888,8.39751,93.62893,7.13361,0.32207,0.00266,0.32155,0.32258,0.32572,0.40429,0.02075,0.41223,0.42262,0.42662,57.53779,NA,0,0,0,0,0.31923,0.31952,0.32132,0.32288,0.40783,0.40973,0.4192,0.42584,0.00134,0.00141,0.00145,0.00148,0.00417,0.00485,0.00458,0.00439,NA
2015-04-20,2015,110,36,thompsonfarm2N_2015_04_20_120129.jpg,135.1365,111.0599,101.83146,0.31911,0.38829,132.0494,15.17072,105.1579,9.63311,92.40366,8.02794,0.31885,0.00402,0.31936,0.32151,0.32291,0.40006,0.02141,0.40206,0.41705,0.42512,58.54139,NA,0,0,0,0,0.31957,0.31992,0.32158,0.32304,0.40781,0.40968,0.41925,0.426,0.00126,0.00132,0.00135,0.00139,0.00412,0.0048,0.00452,0.00431,NA
2015-04-23,2015,113,36,thompsonfarm2N_2015_04_23_120127.jpg,133.1793,108.85442,98.3859,0.31977,0.39122,135.4774,15.17446,107.9759,10.78196,94.04928,8.34831,0.31975,0.00279,0.32002,0.32149,0.32251,0.40108,0.01511,0.40055,0.41318,0.42066,59.51531,NA,0,0,0,0,0.31942,0.31983,0.32133,0.32263,0.4077,0.40948,0.41921,0.42615,0.00126,0.00132,0.00135,0.00139,0.00403,0.00473,0.00443,0.0042,NA
2015-04-26,2015,116,36,thompsonfarm2N_2015_04_26_120139.jpg,137.0106,107.70784,90.27869,0.32152,0.40899,138.7999,10.93727,109.08953,6.71492,94.48976,4.13503,0.31854,0.00239,0.31911,0.32028,0.32107,0.40497,0.01186,0.40718,0.41036,0.4173,60.46581,NA,0,0,0,0,0.3198,0.32027,0.32174,0.32292,0.40752,0.40917,0.41907,0.42626,0.00134,0.00141,0.00145,0.00148,0.00397,0.00469,0.00436,0.00414,NA
2015-04-29,2015,119,36,thompsonfarm2N_2015_04_29_120142.jpg,139.3423,109.07377,88.60376,0.32364,0.41345,135.1692,11.56855,107.33819,6.7759,92.58197,5.59397,0.32027,0.00302,0.321,0.32232,0.32336,0.4029,0.01526,0.40153,0.41355,0.42466,61.37286,NA,0,0,0,0,0.32109,0.32162,0.32327,0.32441,0.40727,0.40879,0.41886,0.42629,0.00126,0.00132,0.00135,0.00139,0.00397,0.00469,0.00436,0.00418,NA
2015-05-02,2015,122,36,thompsonfarm2N_2015_05_02_120142.jpg,158.2246,120.08614,94.76913,0.32188,0.4241,140.4215,14.93815,109.69433,10.2797,90.89114,8.17749,0.32145,0.00417,0.32206,0.32417,0.32525,0.41145,0.01818,0.41811,0.42543,0.42829,62.26357,NA,0,0,0,0,0.32291,0.32349,0.32542,0.32657,0.40698,0.40839,0.41859,0.42621,0.00126,0.00132,0.00135,0.00139,0.00401,0.00471,0.0044,0.00428,NA
2015-05-05,2015,125,36,thompsonfarm2N_2015_05_05_120145.jpg,148.1286,113.56279,87.67789,0.32505,0.42399,136.5921,15.81968,105.79287,11.21536,84.38594,6.36584,0.32348,0.00433,0.32451,0.32598,0.32737,0.41742,0.0123,0.4203,0.4275,0.43155,63.09637,NA,0,0,0,0,0.32513,0.3258,0.3279,0.32909,0.40663,0.40801,0.41827,0.42598,0.00134,0.00141,0.00145,0.00148,0.00404,0.00473,0.00443,0.00435,NA
2015-05-08,2015,128,36,thompsonfarm2N_2015_05_08_120127.jpg,144.6833,124.68548,100.35877,0.33724,0.39132,135.8457,13.99824,110.36941,11.0068,87.79355,7.30007,0.33012,0.00515,0.33017,0.3345,0.33584,0.40645,0.01472,0.40505,0.41761,0.42677,63.91235,NA,0,0,0,0,0.3282,0.32902,0.33108,0.33235,0.4062,0.40755,0.41782,0.42549,0.00126,0.00132,0.00135,0.00139,0.00403,0.00471,0.00442,0.00433,NA
2015-05-11,2015,131,36,thompsonfarm2N_2015_05_11_120142.jpg,139.2229,111.74485,85.59459,0.33202,0.41366,131.0608,12.73714,107.91258,8.70042,85.13273,4.68188,0.33272,0.00463,0.33352,0.33537,0.33698,0.40382,0.01487,0.40376,0.41252,0.42469,64.53723,NA,0,0,0,0,0.33181,0.33282,0.33477,0.33614,0.40566,0.40695,0.41717,0.42471,0.00126,0.00132,0.00135,0.00139,0.00402,0.0047,0.00442,0.00427,NA
2015-05-14,2015,134,36,thompsonfarm2N_2015_05_14_120158.jpg,149.3177,118.21839,84.67158,0.33565,0.42395,133.7076,14.1966,107.51206,10.49943,80.93284,4.61128,0.33342,0.00511,0.33527,0.33596,0.33698,0.4144,0.00998,0.41478,0.42169,0.42599,65.38662,NA,0,0,0,0,0.33471,0.3359,0.33781,0.33926,0.40503,0.40624,0.4164,0.42377,0.00134,0.00141,0.00145,0.00148,0.00406,0.00475,0.00446,0.00423,NA
2015-05-17,2015,137,36,thompsonfarm2N_2015_05_17_120124.jpg,125.2818,102.81819,76.56685,0.33748,0.41121,132.6259,12.32205,108.88567,7.75665,80.98914,4.44108,0.33747,0.00352,0.33834,0.33951,0.34137,0.41064,0.01597,0.41194,0.42605,0.43093,66.05039,NA,0,0,0,0,0.33655,0.33792,0.33989,0.34138,0.40436,0.40549,0.41558,0.42276,0.00126,0.00132,0.00135,0.00139,0.00415,0.00484,0.00455,0.00426,NA
2015-05-20,2015,140,37,thompsonfarm2N_2015_05_20_120140.jpg,129.84,108.85388,82.61421,0.33878,0.4041,129.5103,12.03336,108.63957,8.92626,81.41283,4.72101,0.33962,0.0068,0.3417,0.34399,0.34517,0.40478,0.0154,0.40319,0.41544,0.42725,66.68689,NA,0,0,0,0,0.33779,0.33935,0.34143,0.34297,0.40367,0.40475,0.41477,0.42177,0.00126,0.00132,0.00135,0.00139,0.00424,0.00493,0.00465,0.00432,NA
2015-05-23,2015,143,39,thompsonfarm2N_2015_05_23_120129.jpg,152.1016,121.95611,81.02913,0.34345,0.42835,133.591,12.44183,108.35636,9.72215,79.09591,4.45021,0.33708,0.00778,0.33908,0.3418,0.34395,0.41562,0.01417,0.41847,0.42505,0.43019,67.27658,NA,0,0,0,0,0.33844,0.34005,0.34235,0.34401,0.40301,0.40407,0.41404,0.42093,0.00134,0.00141,0.00145,0.00148,0.00426,0.00496,0.00468,0.00435,NA
2015-05-26,2015,146,39,thompsonfarm2N_2015_05_26_120139.jpg,146.9781,120.70306,82.90052,0.34429,0.41924,129.2422,13.15247,110.01077,9.24473,83.11186,4.3356,0.34099,0.00526,0.34137,0.34423,0.34546,0.40026,0.01635,0.40183,0.41468,0.41979,67.78672,NA,0,0,0,0,0.33817,0.33961,0.34233,0.34429,0.4022,0.40335,0.41317,0.42005,0.00126,0.00132,0.00135,0.00139,0.0042,0.00489,0.00461,0.00433,NA
2015-05-29,2015,149,39,thompsonfarm2N_2015_05_29_120204.jpg,135.8215,114.26995,86.0353,0.33996,0.40408,127.6476,14.83109,106.66453,12.70317,81.886,5.73631,0.33661,0.00869,0.33995,0.34205,0.34364,0.40323,0.01345,0.40604,0.41241,0.41965,68.28194,NA,0,0,0,0,0.33725,0.3384,0.34162,0.34397,0.40113,0.40248,0.41201,0.41895,0.00126,0.00132,0.00135,0.00139,0.0041,0.00478,0.0045,0.00432,NA
2015-06-01,2015,152,39,thompsonfarm2N_2015_06_01_120118.jpg,114.0731,98.89553,87.39867,0.32925,0.37978,114.0488,7.32034,101.80653,7.40829,89.26657,5.49153,0.33342,0.00575,0.33253,0.33718,0.34077,0.37385,0.01113,0.37483,0.38219,0.38665,68.69678,NA,0,0,0,0,0.33654,0.3375,0.341,0.34362,0.39994,0.40151,0.4107,0.41775,0.00134,0.00141,0.00145,0.00148,0.00403,0.00466,0.00442,0.00436,NA
2015-06-04,2015,155,39,thompsonfarm2N_2015_06_04_120123.jpg,132.7804,110.06261,85.11035,0.3356,0.40488,128.9884,9.32705,109.51142,8.24,85.75995,5.8391,0.33746,0.0072,0.33799,0.34271,0.3461,0.39772,0.01271,0.39796,0.40743,0.41259,69.05326,NA,0,0,0,0,0.3363,0.33725,0.34061,0.34333,0.39874,0.40046,0.4094,0.41655,0.00126,0.00132,0.00135,0.00139,0.00402,0.00458,0.00441,0.00444,NA
2015-06-07,2015,158,36,thompsonfarm2N_2015_06_07_120136.jpg,145.1068,116.18077,83.94712,0.33653,0.42031,130.6453,8.72745,108.34548,6.90361,84.06888,4.8415,0.33516,0.0059,0.33615,0.33853,0.34081,0.40427,0.01374,0.40407,0.41613,0.42114,69.2845,NA,0,0,0,0,0.33616,0.33716,0.34021,0.34293,0.39769,0.3994,0.40827,0.41545,0.00126,0.00132,0.00135,0.00139,0.00405,0.00455,0.00445,0.00451,NA
2015-06-10,2015,161,39,thompsonfarm2N_2015_06_10_120206.jpg,145.7196,118.42876,86.14733,0.33808,0.41599,128.6116,13.11551,107.70993,9.95913,83.78866,5.11165,0.33604,0.00683,0.33792,0.33964,0.34244,0.40124,0.01735,0.40439,0.41327,0.41805,69.61721,NA,0,0,0,0,0.3361,0.33718,0.33991,0.34253,0.39691,0.39835,0.40746,0.41455,0.00134,0.00141,0.00145,0.00148,0.00408,0.00458,0.00448,0.00449,NA
2015-06-13,2015,164,39,thompsonfarm2N_2015_06_13_120144.jpg,144.7274,117.04732,83.90858,0.3386,0.41867,125.7502,11.63638,107.46219,8.93281,84.73833,3.82562,0.33764,0.00607,0.3386,0.34196,0.34488,0.39497,0.01348,0.39514,0.40656,0.41285,69.81181,NA,0,0,0,0,0.33617,0.33736,0.33979,0.34211,0.39617,0.39736,0.40676,0.41368,0.00126,0.00132,0.00135,0.00139,0.00408,0.00468,0.00448,0.00436,NA
2015-06-16,2015,167,39,thompsonfarm2N_2015_06_16_120149.jpg,130.6788,111.87146,88.6397,0.33779,0.39457,123.1743,9.73584,107.87949,6.88627,89.44679,5.2792,0.33639,0.00582,0.33791,0.33928,0.34071,0.38406,0.01698,0.38397,0.39173,0.414,69.95906,NA,0,0,0,0,0.33629,0.33763,0.33971,0.34164,0.39525,0.39646,0.40593,0.41267,0.00126,0.00132,0.00135,0.00139,0.00412,0.00483,0.00452,0.00427,NA
2015-06-19,2015,170,39,thompsonfarm2N_2015_06_19_120129.jpg,146.3071,118.50702,85.43329,0.33835,0.41772,129.6618,11.70544,108.61578,9.02295,85.12908,4.25116,0.33552,0.00624,0.33737,0.33894,0.33985,0.40047,0.01268,0.40285,0.41083,0.41576,70.05256,NA,0,0,0,0,0.3362,0.33765,0.33955,0.34123,0.39432,0.39571,0.4051,0.41167,0.00134,0.00141,0.00145,0.00148,0.00422,0.00498,0.00463,0.00432,NA
2015-06-22,2015,173,39,thompsonfarm2N_2015_06_22_120142.jpg,142.6799,116.51077,85.58679,0.33793,0.41383,121.6758,10.20247,106.29459,5.84127,87.41417,4.06322,0.33692,0.0046,0.33762,0.33973,0.34122,0.38528,0.01743,0.38347,0.39679,0.41186,70.05994,NA,0,0,0,0,0.33559,0.33708,0.33911,0.3408,0.39353,0.39513,0.40441,0.41082,0.00128,0.00135,0.00139,0.00142,0.00436,0.00512,0.00479,0.00449,NA
2015-06-25,2015,176,39,thompsonfarm2N_2015_06_25_120140.jpg,130.5758,110.285,86.37082,0.33702,0.39903,125.2933,13.17807,105.78702,10.31188,84.23267,5.59785,0.33509,0.00779,0.33745,0.33944,0.3414,0.39678,0.01542,0.39903,0.40923,0.41209,70.04631,NA,0,0,0,0,0.335,0.33652,0.33873,0.3405,0.39304,0.39478,0.40398,0.41028,0.00134,0.00141,0.00145,0.00148,0.00446,0.00521,0.00489,0.00463,NA
2015-06-28,2015,179,39,thompsonfarm2N_2015_06_28_120117.jpg,108.5033,95.25654,86.84023,0.32779,0.37338,117.6184,9.27702,103.74739,7.44514,88.73135,3.55271,0.33432,0.00535,0.33465,0.33791,0.34053,0.37896,0.01144,0.37947,0.38836,0.39195,69.98281,NA,0,0,0,0,0.33469,0.33629,0.33867,0.34058,0.39281,0.39457,0.40379,0.41007,0.00131,0.00137,0.00141,0.00145,0.0045,0.00525,0.00494,0.0047,NA
2015-07-01,2015,182,39,thompsonfarm2N_2015_07_01_120118.jpg,130.1868,112.39827,90.82964,0.33711,0.39047,123.7559,12.44048,104.67855,9.26581,85.71259,5.18378,0.33282,0.00732,0.33527,0.33749,0.33912,0.39343,0.01819,0.39385,0.40757,0.41468,69.8435,NA,0,0,0,0,0.33445,0.33614,0.33873,0.34086,0.39266,0.39441,0.40372,0.41007,0.00139,0.00145,0.0015,0.00153,0.00457,0.00531,0.00501,0.0048,NA
2015-07-04,2015,185,39,thompsonfarm2N_2015_07_04_120106.jpg,120.3505,109.87164,91.07242,0.34197,0.37458,124.5068,10.58825,104.88439,9.8926,83.86135,5.71191,0.33432,0.0083,0.33684,0.33901,0.34165,0.39746,0.0139,0.39926,0.40913,0.4129,69.65307,NA,0,0,0,0,0.33454,0.33633,0.33903,0.34123,0.39259,0.3943,0.40374,0.41021,0.00142,0.00149,0.00153,0.00157,0.00469,0.00542,0.00515,0.00498,NA
2015-07-07,2015,188,39,thompsonfarm2N_2015_07_07_120129.jpg,129.5948,111.28172,87.61321,0.33877,0.39452,120.3007,12.53605,104.80317,10.03101,85.14754,5.54435,0.33741,0.00637,0.33839,0.3421,0.3439,0.38731,0.01483,0.39048,0.39529,0.40698,69.39096,NA,0,0,0,0,0.33508,0.337,0.33965,0.34171,0.39259,0.39424,0.40382,0.41043,0.00134,0.00141,0.00145,0.00149,0.00486,0.00559,0.00533,0.00522,NA
2015-07-10,2015,191,38,thompsonfarm2N_2015_07_10_120115.jpg,121.2663,104.57623,90.2753,0.33081,0.38361,127.8338,10.69763,106.92625,9.20779,84.31102,5.89683,0.33471,0.00663,0.33683,0.33858,0.34036,0.40052,0.01505,0.40334,0.41259,0.41679,69.07079,NA,0,0,0,0,0.33585,0.33789,0.34044,0.34226,0.39264,0.39424,0.40393,0.41066,0.00157,0.00165,0.0017,0.00174,0.00503,0.00575,0.00553,0.00546,NA
2015-07-13,2015,194,25,thompsonfarm2N_2015_07_13_120123.jpg,136.1113,113.51726,85.75922,0.33847,0.40583,122.6346,11.78699,104.88194,11.17409,83.43298,6.39967,0.33673,0.00749,0.33909,0.34169,0.34326,0.3944,0.01358,0.3921,0.40583,0.40972,68.69333,NA,0,0,0,0,0.33654,0.33874,0.34114,0.3427,0.39273,0.39429,0.40403,0.41083,0.00259,0.00271,0.00279,0.00286,0.00514,0.00585,0.00564,0.0056,NA
2015-07-16,2015,197,0,None,NA,NA,NA,NA,NA,NA,NA,NA,NA,NA,NA,NA,NA,NA,NA,NA,NA,NA,NA,NA,NA,NA,NA,0,0,0,0,0.33681,0.33921,0.34142,0.34278,0.39311,0.3946,0.40439,0.41114,0.02,0.02,0.02,0.02,0.02,0.02,0.02,0.02,1
2015-07-19,2015,200,0,None,NA,NA,NA,NA,NA,NA,NA,NA,NA,NA,NA,NA,NA,NA,NA,NA,NA,NA,NA,NA,NA,NA,NA,0,0,0,0,0.33673,0.33931,0.34128,0.34253,0.39392,0.39527,0.40516,0.41175,0.02,0.02,0.02,0.02,0.02,0.02,0.02,0.02,1
2015-07-22,2015,203,0,None,NA,NA,NA,NA,NA,NA,NA,NA,NA,NA,NA,NA,NA,NA,NA,NA,NA,NA,NA,NA,NA,NA,NA,0,0,0,0,0.33661,0.33925,0.34097,0.34215,0.39497,0.39613,0.40615,0.41251,0.02,0.02,0.02,0.02,0.02,0.02,0.02,0.02,1
2015-07-25,2015,206,0,None,NA,NA,NA,NA,NA,NA,NA,NA,NA,NA,NA,NA,NA,NA,NA,NA,NA,NA,NA,NA,NA,NA,NA,0,0,0,0,0.33671,0.33854,0.33951,0.34046,0.39605,0.39704,0.40717,0.41328,0.02,0.02,0.02,0.02,0.02,0.02,0.02,0.02,1
2015-07-28,2015,209,0,None,NA,NA,NA,NA,NA,NA,NA,NA,NA,NA,NA,NA,NA,NA,NA,NA,NA,NA,NA,NA,NA,NA,NA,0,0,0,0,0.33684,0.33721,0.33705,0.33768,0.39698,0.39784,0.40804,0.41393,0.02,0.02,0.02,0.02,0.02,0.02,0.02,0.02,1
2015-07-31,2015,212,0,None,NA,NA,NA,NA,NA,NA,NA,NA,NA,NA,NA,NA,NA,NA,NA,NA,NA,NA,NA,NA,NA,NA,NA,0,0,0,0,0.3366,0.33627,0.33558,0.33609,0.39756,0.39836,0.40856,0.4143,0.02,0.02,0.02,0.02,0.02,0.02,0.02,0.02,1
2015-08-03,2015,215,0,None,NA,NA,NA,NA,NA,NA,NA,NA,NA,NA,NA,NA,NA,NA,NA,NA,NA,NA,NA,NA,NA,NA,NA,0,0,0,0,0.33608,0.33588,0.33531,0.33595,0.39791,0.39875,0.40877,0.41436,0.02,0.02,0.02,0.02,0.02,0.02,0.02,0.02,1
2015-08-06,2015,218,0,None,NA,NA,NA,NA,NA,NA,NA,NA,NA,NA,NA,NA,NA,NA,NA,NA,NA,NA,NA,NA,NA,NA,NA,0,0,0,0,0.33542,0.33553,0.3353,0.33616,0.39825,0.39923,0.40884,0.41424,0.02,0.02,0.02,0.02,0.02,0.02,0.02,0.02,1
2015-08-09,2015,221,5,thompsonfarm2N_2015_08_10_130217.jpg,144.4522,117.40908,88.48677,0.33512,0.41231,135.7487,9.80464,111.93659,4.79554,86.78103,4.98963,0.33463,0.00216,0.33512,0.33524,0.33637,0.40545,0.01731,0.41231,0.41237,0.41677,58.28438,NA,0,0,0,0,0.33426,0.33514,0.33575,0.33699,0.39861,0.39975,0.40886,0.41404,0.00261,0.00274,0.00282,0.00288,0.00521,0.00589,0.00572,0.00574,NA
2015-08-12,2015,224,36,thompsonfarm2N_2015_08_12_120229.jpg,144.0793,116.48453,87.7881,0.33439,0.4136,119.2893,13.79476,102.60224,10.03605,86.68838,7.24059,0.33213,0.00677,0.33446,0.33688,0.33821,0.38608,0.02149,0.3841,0.4061,0.41373,61.97487,NA,0,0,0,0,0.333,0.33472,0.33626,0.33776,0.39898,0.4003,0.4089,0.41386,0.00159,0.00167,0.00172,0.00176,0.00516,0.00586,0.00566,0.00563,NA
2015-08-15,2015,227,36,thompsonfarm2N_2015_08_15_120121.jpg,145.4957,118.54874,87.80197,0.33693,0.41352,128.2673,16.37362,105.36612,14.02962,82.63124,8.51884,0.33248,0.00746,0.33494,0.33713,0.33989,0.40538,0.01416,0.4088,0.41624,0.41837,61.06557,NA,0,0,0,0,0.33221,0.33435,0.33643,0.33796,0.39936,0.40085,0.40903,0.4138,0.00159,0.00166,0.00171,0.00175,0.00517,0.00589,0.00568,0.00562,NA
2015-08-18,2015,230,20,thompsonfarm2N_2015_08_18_120135.jpg,144.7869,117.18274,86.86868,0.33592,0.41505,126.8221,16.24774,103.48624,13.89848,80.9386,8.95169,0.33186,0.00586,0.33376,0.33592,0.3367,0.40743,0.01419,0.40897,0.41777,0.42307,60.11354,NA,0,0,0,0,0.33177,0.33409,0.33649,0.33805,0.39977,0.40135,0.40935,0.41396,0.00188,0.00197,0.00203,0.00208,0.00517,0.00589,0.00567,0.00559,NA
2015-08-21,2015,233,0,None,NA,NA,NA,NA,NA,NA,NA,NA,NA,NA,NA,NA,NA,NA,NA,NA,NA,NA,NA,NA,NA,NA,NA,0,0,0,0,0.33188,0.33404,0.33651,0.3383,0.40016,0.40184,0.40972,0.41414,0.00183,0.00191,0.00197,0.00202,0.00506,0.00579,0.00556,0.00543,NA
2015-08-24,2015,236,0,None,NA,NA,NA,NA,NA,NA,NA,NA,NA,NA,NA,NA,NA,NA,NA,NA,NA,NA,NA,NA,NA,NA,NA,0,0,0,0,0.33244,0.33414,0.33645,0.33859,0.4005,0.40235,0.41003,0.41415,0.00162,0.0017,0.00175,0.00179,0.00488,0.00563,0.00536,0.00516,NA
2015-08-27,2015,239,26,thompsonfarm2N_2015_08_27_120144.jpg,152.394,123.56404,92.92245,0.33497,0.41313,134.3389,12.85501,110.05152,10.52434,86.56113,6.84571,0.33224,0.00602,0.3338,0.33602,0.33765,0.40568,0.01136,0.40747,0.41312,0.41595,56.70753,NA,0,0,0,0,0.33288,0.3342,0.33644,0.3388,0.40081,0.40288,0.41032,0.41408,0.00163,0.00171,0.00176,0.0018,0.0047,0.00546,0.00516,0.0049,NA
2015-08-30,2015,242,33,thompsonfarm2N_2015_08_30_120141.jpg,144.6881,117.9478,89.67596,0.33478,0.41068,132.6718,12.36157,110.12109,9.97103,87.43548,4.81874,0.33313,0.00571,0.33435,0.33663,0.33963,0.40141,0.01092,0.40267,0.41007,0.414,55.99018,NA,0,0,0,0,0.33312,0.33418,0.33653,0.33895,0.40114,0.40341,0.41064,0.41406,0.00146,0.00153,0.00157,0.00161,0.00457,0.00533,0.00501,0.00472,NA
2015-09-02,2015,245,33,thompsonfarm2N_2015_09_02_120228.jpg,147.9107,119.72777,89.87474,0.33489,0.41372,132.9015,14.20828,109.97484,10.98237,85.95947,5.6123,0.33412,0.00446,0.33443,0.33687,0.34043,0.40361,0.01121,0.40604,0.412,0.41399,54.88269,NA,0,0,0,0,0.33337,0.33415,0.33664,0.33909,0.4015,0.40395,0.41103,0.41418,0.00131,0.00138,0.00142,0.00145,0.00448,0.00526,0.00492,0.00465,NA
2015-09-05,2015,248,29,thompsonfarm2N_2015_09_05_120139.jpg,146.2653,117.65332,89.66145,0.33275,0.41367,136.2248,12.99636,112.00993,9.75883,87.0406,5.68154,0.33393,0.00432,0.3345,0.33662,0.33863,0.4059,0.0097,0.40734,0.41305,0.41537,53.77777,NA,0,0,0,0,0.33351,0.33408,0.33669,0.33909,0.40193,0.40446,0.41154,0.41455,0.00136,0.00142,0.00146,0.0015,0.00443,0.0052,0.00486,0.00462,NA
2015-09-08,2015,251,31,thompsonfarm2N_2015_09_08_120205.jpg,130.171,110.82932,91.40979,0.33341,0.3916,135.6253,14.95015,110.69697,12.16831,85.52783,6.05041,0.33314,0.00564,0.33381,0.33728,0.33834,0.40824,0.0087,0.41237,0.4142,0.41609,52.64016,NA,0,0,0,0,0.33343,0.33395,0.33662,0.3388,0.40248,0.40499,0.41225,0.41533,0.0013,0.00136,0.0014,0.00143,0.00433,0.0051,0.00475,0.00455,NA
2015-09-11,2015,254,32,thompsonfarm2N_2015_09_11_120149.jpg,135.4075,114.32657,91.90694,0.33464,0.39634,125.0094,11.43786,109.09622,7.23792,92.73323,4.43876,0.33363,0.00441,0.33417,0.33633,0.33922,0.38189,0.0172,0.38624,0.39561,0.3966,51.47766,NA,0,0,0,0,0.33321,0.33378,0.33646,0.33832,0.40314,0.40556,0.41314,0.41652,0.00128,0.00134,0.00138,0.00141,0.00419,0.00495,0.0046,0.00444,NA
2015-09-14,2015,257,30,thompsonfarm2N_2015_09_14_120207.jpg,130.131,108.99825,87.59281,0.33361,0.39829,129.1517,15.5683,108.19736,10.68958,88.63153,4.8682,0.33164,0.00433,0.33164,0.33485,0.33636,0.39524,0.01616,0.39768,0.41076,0.41334,50.32648,NA,0,0,0,0,0.33299,0.3336,0.33624,0.33789,0.40385,0.40615,0.41414,0.41795,0.00134,0.00141,0.00145,0.00148,0.00411,0.00483,0.00451,0.00436,NA
2015-09-17,2015,260,30,thompsonfarm2N_2015_09_17_120212.jpg,147.3985,121.91453,92.36044,0.33708,0.40755,139.0456,14.13206,113.11797,11.42672,86.86404,5.28822,0.33327,0.00493,0.33463,0.33696,0.33783,0.40967,0.0081,0.41022,0.41404,0.41836,49.14005,NA,0,0,0,0,0.33287,0.33346,0.33598,0.33761,0.40457,0.40674,0.41516,0.41947,0.00126,0.00132,0.00135,0.00139,0.00411,0.00478,0.00451,0.00435,NA
2015-09-20,2015,263,30,thompsonfarm2N_2015_09_20_120133.jpg,146.6974,121.2646,93.07509,0.33588,0.40632,138.8625,13.62864,113.5978,10.83282,88.43989,5.97931,0.33296,0.00442,0.33376,0.33602,0.33777,0.40695,0.00926,0.40841,0.41182,0.41659,47.98349,NA,0,0,0,0,0.33277,0.33334,0.33567,0.33736,0.40525,0.4073,0.41613,0.42092,0.00126,0.00132,0.00135,0.00139,0.00418,0.0048,0.00458,0.00439,NA
2015-09-23,2015,266,30,thompsonfarm2N_2015_09_23_120235.jpg,152.8812,120.86276,90.37178,0.33193,0.41987,138.7774,12.54977,113.3385,7.87854,88.75818,5.46623,0.33236,0.00331,0.33266,0.33439,0.33645,0.40663,0.01705,0.40838,0.41854,0.4304,46.7679,NA,0,0,0,0,0.33257,0.33312,0.33525,0.33698,0.40582,0.40782,0.41695,0.42214,0.00134,0.00141,0.00145,0.00148,0.00424,0.00484,0.00466,0.00444,NA
2015-09-26,2015,269,30,thompsonfarm2N_2015_09_26_120124.jpg,153.2549,124.31006,92.54029,0.33588,0.41408,141.7544,11.8474,115.8078,7.85418,90.21799,4.53012,0.33284,0.00415,0.33319,0.33579,0.33808,0.40718,0.01477,0.40687,0.41933,0.42719,45.58735,NA,0,0,0,0,0.33229,0.33278,0.33471,0.33643,0.4064,0.40838,0.41781,0.42346,0.00126,0.00132,0.00135,0.00139,0.00424,0.00482,0.00465,0.0044,NA
2015-09-29,2015,272,30,thompsonfarm2N_2015_09_29_120231.jpg,159.2912,126.53252,89.9785,0.3367,0.42387,128.7955,15.28126,108.74451,9.07567,90.48242,3.91021,0.33138,0.00364,0.33171,0.33371,0.33539,0.39155,0.01814,0.39238,0.40289,0.41602,44.38095,NA,0,0,0,0,0.33195,0.33237,0.33406,0.33579,0.40708,0.40906,0.41888,0.42516,0.00126,0.00132,0.00135,0.00139,0.00416,0.00476,0.00457,0.0043,NA
2015-10-02,2015,275,30,thompsonfarm2N_2015_10_02_120147.jpg,135.718,114.54108,93.23533,0.33346,0.39511,133.5656,6.75321,113.03333,3.66094,93.75759,3.28238,0.33207,0.00212,0.33261,0.33339,0.33422,0.39225,0.01111,0.39281,0.39747,0.4066,43.20703,NA,0,0,0,0,0.33142,0.33182,0.33337,0.33506,0.4078,0.40979,0.42004,0.42705,0.00134,0.00141,0.00145,0.00148,0.00409,0.00471,0.00449,0.00422,NA
2015-10-05,2015,278,30,thompsonfarm2N_2015_10_05_120205.jpg,136.6996,114.07502,90.2809,0.33448,0.40081,145.5191,15.00331,115.22122,8.62382,88.77576,4.40289,0.32955,0.0035,0.32974,0.33151,0.33324,0.41551,0.01759,0.41653,0.42757,0.43501,42.04692,NA,0,0,0,0,0.33056,0.33102,0.33262,0.33416,0.40851,0.41051,0.4212,0.42893,0.00126,0.00132,0.00135,0.00139,0.00405,0.00471,0.00445,0.00422,NA
2015-10-08,2015,281,30,thompsonfarm2N_2015_10_08_120207.jpg,156.0026,119.96973,87.23444,0.33031,0.42951,141.5438,20.38701,113.65347,10.44892,88.63041,6.46783,0.33044,0.00338,0.33096,0.33266,0.33452,0.40998,0.02882,0.41718,0.43378,0.44172,40.89729,NA,0,0,0,0,0.32949,0.33004,0.3318,0.33313,0.40914,0.41116,0.42223,0.43057,0.00126,0.00132,0.00135,0.00139,0.00406,0.00474,0.00445,0.00429,NA
2015-10-11,2015,284,30,thompsonfarm2N_2015_10_11_120139.jpg,158.9982,121.68295,86.05459,0.3318,0.43355,151.2169,14.9015,116.47938,9.48696,85.654,3.78206,0.3295,0.00303,0.33027,0.33167,0.33269,0.42723,0.01229,0.42886,0.43482,0.4408,39.78318,NA,0,0,0,0,0.3285,0.32906,0.33098,0.33219,0.40964,0.41169,0.42302,0.43179,0.00134,0.00141,0.00145,0.00148,0.00407,0.00478,0.00447,0.00434,NA
2015-10-14,2015,287,27,thompsonfarm2N_2015_10_14_120222.jpg,133.3412,105.77523,85.21401,0.32613,0.41113,138.8142,18.30159,109.91617,10.28937,86.58738,4.28562,0.32763,0.00454,0.32867,0.33034,0.33182,0.41252,0.02052,0.41696,0.42824,0.43726,38.69547,NA,0,0,0,0,0.32761,0.32802,0.33012,0.3313,0.41015,0.4122,0.42377,0.43272,0.00126,0.00132,0.00135,0.00139,0.00405,0.00478,0.00445,0.0043,NA
2015-10-17,2015,290,25,thompsonfarm2N_2015_10_17_120128.jpg,128.8036,106.71814,99.84953,0.31821,0.38406,148.8752,18.08491,116.26549,9.78998,92.7498,5.46011,0.32464,0.0039,0.32475,0.32841,0.32872,0.41471,0.02365,0.42016,0.43344,0.44026,37.59911,NA,0,0,0,0,0.32672,0.32692,0.32923,0.33041,0.41079,0.41283,0.42468,0.43363,0.00126,0.00132,0.00135,0.00139,0.00401,0.00475,0.0044,0.00422,NA
2015-10-20,2015,293,24,thompsonfarm2N_2015_10_20_120156.jpg,159.858,125.33994,94.70309,0.32993,0.42079,149.7869,16.41041,117.36442,8.61804,92.54147,4.28446,0.3262,0.003,0.32581,0.32855,0.32978,0.41541,0.01937,0.4196,0.42869,0.43474,36.52732,NA,0,0,0,0,0.32601,0.32603,0.32843,0.32965,0.41148,0.41354,0.42564,0.43447,0.00134,0.00141,0.00145,0.00148,0.00399,0.00471,0.00438,0.00418,NA
2015-10-23,2015,296,24,thompsonfarm2N_2015_10_23_120142.jpg,161.2514,119.51219,85.11018,0.32665,0.44073,144.6552,17.02487,114.31789,8.56205,92.10086,3.83666,0.32552,0.00304,0.32519,0.32728,0.32936,0.41075,0.02099,0.40669,0.434,0.43957,35.48191,NA,0,0,0,0,0.32568,0.32553,0.32783,0.32915,0.41213,0.41428,0.42654,0.43521,0.00126,0.00132,0.00135,0.00139,0.00402,0.00468,0.00442,0.00421,NA
2015-10-26,2015,299,23,thompsonfarm2N_2015_10_26_120135.jpg,155.4472,115.63617,85.68652,0.32412,0.43571,145.2563,12.23999,114.816,5.7927,91.04047,5.52553,0.32698,0.00236,0.32656,0.32817,0.32965,0.41323,0.01952,0.41108,0.42532,0.43898,34.44529,NA,0,0,0,0,0.32562,0.32531,0.32741,0.32888,0.41263,0.41502,0.42728,0.4358,0.00126,0.00132,0.00135,0.00139,0.00409,0.00469,0.00448,0.00428,NA
2015-10-29,2015,302,24,thompsonfarm2N_2015_10_29_120118.jpg,159.8285,118.0143,85.32375,0.32496,0.4401,141.8197,15.55685,112.39827,6.90176,91.68686,4.22455,0.32494,0.00239,0.325,0.32676,0.32789,0.40893,0.0217,0.40622,0.43033,0.43916,33.44768,NA,0,0,0,0,0.32555,0.32515,0.32705,0.3287,0.4129,0.41571,0.42774,0.43622,0.00134,0.00141,0.00145,0.00148,0.00412,0.00473,0.00452,0.00432,NA
2015-11-01,2015,305,24,thompsonfarm2N_2015_11_01_120119.jpg,129.0473,105.78771,91.4161,0.32425,0.39555,150.2432,12.36733,116.24819,6.13437,92.50141,4.96427,0.32374,0.00265,0.3232,0.32481,0.32695,0.41798,0.01855,0.42463,0.43039,0.43663,32.46451,NA,0,0,0,0,0.32541,0.32509,0.32683,0.32866,0.41305,0.41631,0.42802,0.43631,0.00126,0.00132,0.00135,0.00139,0.00411,0.00479,0.00451,0.00429,NA
2015-11-04,2015,308,24,thompsonfarm2N_2015_11_04_120148.jpg,158.5968,120.72581,92.31477,0.32485,0.42675,156.249,11.67897,118.98193,5.98078,90.49386,3.22919,0.32533,0.0022,0.32488,0.32687,0.32882,0.42674,0.01327,0.42632,0.4362,0.44293,31.52283,NA,0,0,0,0,0.32526,0.32511,0.32668,0.32872,0.41322,0.41678,0.42824,0.43608,0.00126,0.00132,0.00135,0.00139,0.00412,0.00487,0.00452,0.00425,NA
2015-11-07,2015,311,24,thompsonfarm2N_2015_11_07_120119.jpg,147.791,121.20498,98.13057,0.33014,0.40256,143.4683,12.73639,116.34649,5.96152,94.55869,3.55516,0.3283,0.00311,0.32852,0.33033,0.33179,0.40414,0.0179,0.40614,0.4165,0.42231,30.60105,NA,0,0,0,0,0.32491,0.32486,0.32634,0.32853,0.41334,0.41708,0.42838,0.43567,0.00134,0.00141,0.00145,0.00148,0.00416,0.00493,0.00457,0.00429,NA
2015-11-10,2015,314,24,thompsonfarm2N_2015_11_10_120135.jpg,142.5292,111.3506,91.12087,0.32275,0.41313,139.5051,14.97802,111.51801,7.51423,94.63123,3.79806,0.32252,0.00265,0.32218,0.32331,0.32657,0.40251,0.0201,0.40739,0.41709,0.4244,29.72749,NA,0,0,0,0,0.32429,0.32428,0.3257,0.328,0.41333,0.41717,0.4284,0.43522,0.00128,0.00135,0.00139,0.00142,0.00423,0.00496,0.00464,0.00437,NA
2015-11-13,2015,317,24,thompsonfarm2N_2015_11_13_120114.jpg,158.9265,122.55348,94.99191,0.32553,0.42215,144.4645,17.54189,114.93499,8.54717,95.70805,5.88367,0.32357,0.00319,0.32452,0.32533,0.32753,0.4055,0.02424,0.41315,0.42795,0.43314,28.89034,NA,0,0,0,0,0.32356,0.32355,0.32494,0.32732,0.41312,0.417,0.42827,0.43488,0.00134,0.00141,0.00145,0.00148,0.00423,0.00492,0.00465,0.00441,NA
2015-11-16,2015,320,24,thompsonfarm2N_2015_11_16_120131.jpg,153.5863,117.34746,92.40073,0.32297,0.42271,151.6474,8.41413,116.74984,4.73249,93.75481,5.49422,0.32236,0.00255,0.32192,0.32329,0.3262,0.41861,0.01335,0.42077,0.42554,0.43361,28.08952,NA,0,0,0,0,0.32266,0.3226,0.32407,0.32635,0.41272,0.4167,0.42791,0.43449,0.00126,0.00132,0.00135,0.00139,0.0042,0.00487,0.00461,0.00439,NA
2015-11-19,2015,323,24,thompsonfarm2N_2015_11_19_120156.jpg,135.9836,112.54806,102.67079,0.32046,0.38719,146.6933,12.59709,115.39593,5.62705,96.28926,7.76354,0.32196,0.00278,0.32159,0.32409,0.32519,0.4089,0.02267,0.41596,0.42859,0.43706,27.34952,NA,0,0,0,0,0.32161,0.32147,0.32307,0.32516,0.41219,0.41639,0.42732,0.43383,0.00126,0.00132,0.00135,0.00139,0.00419,0.00486,0.0046,0.00439,NA
2015-11-22,2015,326,24,thompsonfarm2N_2015_11_22_120121.jpg,144.4505,120.0021,108.03277,0.32217,0.3878,144.5846,11.94866,114.45807,4.0318,98.37421,7.28232,0.32024,0.00231,0.31995,0.32134,0.32357,0.40413,0.02436,0.41221,0.42558,0.43075,26.64983,NA,0,0,0,0,0.32066,0.32043,0.32218,0.32411,0.41154,0.416,0.42657,0.43304,0.00134,0.00141,0.00145,0.00148,0.00424,0.00489,0.00465,0.00445,NA
2015-11-25,2015,329,21,thompsonfarm2N_2015_11_25_120132.jpg,159.8374,118.26849,93.4565,0.3183,0.43018,154.1393,11.3529,116.05591,6.6372,93.79984,4.04891,0.31879,0.00202,0.3183,0.31955,0.32217,0.42309,0.01126,0.42427,0.43031,0.43862,26.00434,NA,0,0,0,0,0.31981,0.31949,0.32141,0.32331,0.4108,0.41547,0.42573,0.4322,0.00126,0.00132,0.00135,0.00139,0.0043,0.00495,0.00472,0.00455,NA
2015-11-28,2015,332,18,thompsonfarm2N_2015_11_28_120116.jpg,128.4489,107.40601,100.0113,0.31979,0.38244,145.4699,14.50857,115.06156,5.95075,97.58133,3.95355,0.32127,0.00389,0.32112,0.32392,0.32504,0.40526,0.02215,0.41783,0.42154,0.42847,25.40818,NA,0,0,0,0,0.31899,0.31858,0.3207,0.32261,0.40998,0.41474,0.42488,0.43143,0.00126,0.00132,0.00135,0.00139,0.00434,0.00498,0.00476,0.00462,NA
2015-12-01,2015,335,18,thompsonfarm2N_2015_12_01_120121.jpg,144.1619,111.80471,97.85834,0.31599,0.40744,139.6475,14.24378,111.22098,5.39356,99.32907,3.12075,0.31766,0.00244,0.31744,0.32009,0.32093,0.39776,0.02113,0.40301,0.41116,0.42085,24.91571,NA,0,0,0,0,0.31834,0.31787,0.32014,0.32204,0.4091,0.41375,0.4241,0.43083,0.00134,0.00141,0.00145,0.00148,0.00429,0.00494,0.00471,0.00458,NA
2015-12-04,2015,338,18,thompsonfarm2N_2015_12_04_120119.jpg,154.7899,114.39524,90.87927,0.31771,0.4299,153.1834,10.03821,115.82011,5.1536,95.36176,4.2406,0.31779,0.00262,0.31744,0.31835,0.32132,0.42006,0.01436,0.42534,0.42962,0.43337,24.49575,NA,0,0,0,0,0.31792,0.31743,0.31974,0.32159,0.40817,0.41257,0.42334,0.4304,0.00126,0.00132,0.00135,0.00139,0.00423,0.00491,0.00464,0.00448,NA
2015-12-07,2015,341,18,thompsonfarm2N_2015_12_07_120121.jpg,156.7246,116.32461,91.75316,0.31887,0.42962,151.108,8.97569,114.32844,3.76703,95.64191,4.81644,0.31659,0.00289,0.31549,0.31854,0.32078,0.41819,0.01538,0.4254,0.42941,0.43331,24.13784,NA,0,0,0,0,0.31764,0.31716,0.31944,0.3212,0.40718,0.41129,0.4225,0.43001,0.00126,0.00132,0.00135,0.00139,0.00423,0.00496,0.00464,0.00444,NA
2015-12-10,2015,344,18,thompsonfarm2N_2015_12_10_120126.jpg,143.0144,112.67874,95.96777,0.32042,0.40668,146.9685,18.4523,113.37648,10.26028,97.2114,5.48237,0.31681,0.00461,0.31625,0.31996,0.32149,0.40969,0.02181,0.40575,0.4266,0.43822,23.83686,NA,0,0,0,0,0.31735,0.31693,0.31915,0.32083,0.40611,0.40987,0.4216,0.42964,0.00134,0.00141,0.00145,0.00148,0.00432,0.00511,0.00474,0.00449,NA
2015-12-13,2015,347,18,thompsonfarm2N_2015_12_13_120117.jpg,138.1567,108.36169,94.27031,0.31797,0.4054,138.6141,12.84823,110.60071,4.93309,97.52186,4.20119,0.31898,0.00224,0.31881,0.3202,0.32205,0.399,0.02065,0.39898,0.41306,0.4284,23.61484,NA,0,0,0,0,0.3172,0.31698,0.31909,0.32061,0.40493,0.40826,0.42066,0.42922,0.00128,0.00134,0.00138,0.00141,0.0045,0.00538,0.00494,0.00462,NA
2015-12-16,2015,350,18,thompsonfarm2N_2015_12_16_120133.jpg,156.38,115.04532,93.00225,0.31569,0.42911,143.3465,15.82749,112.00365,6.11885,97.1566,5.51284,0.31772,0.00203,0.31762,0.31951,0.32,0.40551,0.02566,0.42294,0.42819,0.42982,23.45465,NA,0,0,0,0,0.31719,0.31725,0.31923,0.32053,0.40362,0.40642,0.41967,0.42873,0.00134,0.0014,0.00145,0.00148,0.00478,0.00577,0.00525,0.00482,NA
2015-12-19,2015,353,18,thompsonfarm2N_2015_12_19_120117.jpg,125.4691,107.06928,112.68113,0.31015,0.36345,148.9654,14.35494,114.94764,4.95013,100.44446,6.03189,0.31544,0.00269,0.31609,0.31733,0.31869,0.408,0.02489,0.42263,0.426,0.43516,23.34966,NA,0,0,0,0,0.31684,0.31711,0.31908,0.32027,0.40216,0.40429,0.41867,0.4281,0.00143,0.0015,0.00154,0.00158,0.00521,0.00634,0.00572,0.00515,NA
2015-12-22,2015,356,18,thompsonfarm2N_2015_12_22_120111.jpg,112.0875,94.05113,96.04578,0.31124,0.37092,131.3868,12.54706,105.17091,8.13572,97.97953,5.31545,0.31425,0.00274,0.31488,0.31603,0.3171,0.39221,0.01362,0.39031,0.40222,0.40741,23.3663,NA,0,0,0,0,0.31607,0.31644,0.31869,0.31995,0.40052,0.40195,0.41758,0.42734,0.00138,0.00145,0.00149,0.00152,0.00585,0.0071,0.00643,0.00574,NA
2015-12-25,2015,359,18,thompsonfarm2N_2015_12_25_120119.jpg,147.6312,119.08568,97.99857,0.32652,0.40478,138.7673,16.44299,109.92453,8.88993,96.07469,6.95694,0.31863,0.00501,0.31854,0.32254,0.32463,0.40142,0.02433,0.40027,0.4214,0.43371,23.4526,NA,0,0,0,0,0.315,0.31538,0.31803,0.31948,0.39868,0.3995,0.41633,0.42648,0.00144,0.00151,0.00156,0.00159,0.00679,0.00803,0.00745,0.00673,NA
2015-12-28,2015,362,18,thompsonfarm2N_2015_12_28_120120.jpg,156.5327,114.2283,93.85,0.31329,0.42931,128.1586,19.14892,102.52049,8.43543,97.33029,6.86931,0.31261,0.005,0.31316,0.31707,0.31843,0.38889,0.02717,0.37895,0.40996,0.4295,23.61456,NA,0,0,0,0,0.3135,0.31375,0.31664,0.31824,0.39666,0.39693,0.41494,0.42551,0.00159,0.00167,0.00172,0.00176,0.00807,0.00917,0.00886,0.00821,NA
2015-12-31,2015,365,21,thompsonfarm2N_2015_12_31_120115.jpg,157.4863,117.77651,99.03259,0.31466,0.42075,141.5617,10.54233,110.5016,6.14028,103.18733,9.93818,0.3111,0.00254,0.31101,0.31299,0.31466,0.39851,0.01878,0.39499,0.41643,0.42275,23.84611,NA,0,0,0,0,0.3113,0.31134,0.31374,0.31537,0.39445,0.39421,0.41343,0.42444,0.00257,0.0027,0.00277,0.00284,0.00973,0.01056,0.01068,0.01022,NA
2016-01-02,2016,2,NA,NA,NA,NA,NA,NA,NA,NA,NA,NA,NA,NA,NA,NA,NA,NA,NA,NA,NA,NA,NA,NA,NA,NA,NA,0,0,0,0,0.30937,0.30929,0.31078,0.31236,0.39287,0.39232,0.41235,0.42369,0.02,0.02,0.02,0.02,0.02,0.02,0.02,0.02,1
2016-01-05,2016,5,NA,NA,NA,NA,NA,NA,NA,NA,NA,NA,NA,NA,NA,NA,NA,NA,NA,NA,NA,NA,NA,NA,NA,NA,NA,0,0,0,0,0.30591,0.30564,0.30495,0.30641,0.39037,0.38935,0.41064,0.42248,0.02,0.02,0.02,0.02,0.02,0.02,0.02,0.02,1
2016-01-08,2016,8,NA,NA,NA,NA,NA,NA,NA,NA,NA,NA,NA,NA,NA,NA,NA,NA,NA,NA,NA,NA,NA,NA,NA,NA,NA,0,0,0,0,0.3052,0.30466,0.30286,0.30442,0.38834,0.38622,0.40919,0.42152,0.02,0.02,0.02,0.02,0.02,0.02,0.02,0.02,1
2016-01-11,2016,11,NA,NA,NA,NA,NA,NA,NA,NA,NA,NA,NA,NA,NA,NA,NA,NA,NA,NA,NA,NA,NA,NA,NA,NA,NA,0,0,0,0,0.30789,0.30707,0.30604,0.30793,0.38709,0.3829,0.40819,0.42095,0.02,0.02,0.02,0.02,0.02,0.02,0.02,0.02,1
2016-01-14,2016,14,NA,NA,NA,NA,NA,NA,NA,NA,NA,NA,NA,NA,NA,NA,NA,NA,NA,NA,NA,NA,NA,NA,NA,NA,NA,0,0,0,0,0.30989,0.309,0.30887,0.31092,0.38619,0.37939,0.40738,0.42058,0.02,0.02,0.02,0.02,0.02,0.02,0.02,0.02,1
2016-01-17,2016,17,NA,NA,NA,NA,NA,NA,NA,NA,NA,NA,NA,NA,NA,NA,NA,NA,NA,NA,NA,NA,NA,NA,NA,NA,NA,0,0,0,0,0.31072,0.31017,0.31129,0.31314,0.38517,0.37568,0.40648,0.4202,0.02,0.02,0.02,0.02,0.02,0.02,0.02,0.02,1
2016-01-20,2016,20,NA,NA,NA,NA,NA,NA,NA,NA,NA,NA,NA,NA,NA,NA,NA,NA,NA,NA,NA,NA,NA,NA,NA,NA,NA,0,0,0,0,0.31128,0.31102,0.31319,0.31483,0.38358,0.37175,0.40525,0.4196,0.02,0.02,0.02,0.02,0.02,0.02,0.02,0.02,1
2016-01-23,2016,23,NA,NA,NA,NA,NA,NA,NA,NA,NA,NA,NA,NA,NA,NA,NA,NA,NA,NA,NA,NA,NA,NA,NA,NA,NA,0,0,0,0,0.31119,0.31098,0.31303,0.31463,0.38226,0.36828,0.40419,0.41907,0.02,0.02,0.02,0.02,0.02,0.02,0.02,0.02,1
2016-01-26,2016,26,NA,NA,NA,NA,NA,NA,NA,NA,NA,NA,NA,NA,NA,NA,NA,NA,NA,NA,NA,NA,NA,NA,NA,NA,NA,0,0,0,0,0.31127,0.31112,0.31302,0.3146,0.38204,0.36569,0.40381,0.41892,0.02,0.02,0.02,0.02,0.02,0.02,0.02,0.02,1
2016-01-29,2016,29,NA,NA,NA,NA,NA,NA,NA,NA,NA,NA,NA,NA,NA,NA,NA,NA,NA,NA,NA,NA,NA,NA,NA,NA,NA,0,0,0,0,0.31137,0.31128,0.31306,0.31461,0.38245,0.36353,0.40381,0.41902,0.02,0.02,0.02,0.02,0.02,0.02,0.02,0.02,1
2016-02-01,2016,32,NA,NA,NA,NA,NA,NA,NA,NA,NA,NA,NA,NA,NA,NA,NA,NA,NA,NA,NA,NA,NA,NA,NA,NA,NA,0,0,0,0,0.3115,0.31149,0.31318,0.31466,0.38304,0.36139,0.40392,0.41923,0.02,0.02,0.02,0.02,0.02,0.02,0.02,0.02,1
2016-02-04,2016,35,NA,NA,NA,NA,NA,NA,NA,NA,NA,NA,NA,NA,NA,NA,NA,NA,NA,NA,NA,NA,NA,NA,NA,NA,NA,0,0,0,0,0.31171,0.31179,0.3134,0.31478,0.38334,0.35882,0.40384,0.41943,0.02,0.02,0.02,0.02,0.02,0.02,0.02,0.02,1
2016-02-07,2016,38,NA,NA,NA,NA,NA,NA,NA,NA,NA,NA,NA,NA,NA,NA,NA,NA,NA,NA,NA,NA,NA,NA,NA,NA,NA,0,0,0,0,0.31187,0.312,0.31359,0.31491,0.3829,0.35539,0.40329,0.41946,0.02,0.02,0.02,0.02,0.02,0.02,0.02,0.02,1
2016-02-10,2016,41,NA,NA,NA,NA,NA,NA,NA,NA,NA,NA,NA,NA,NA,NA,NA,NA,NA,NA,NA,NA,NA,NA,NA,NA,NA,0,0,0,0,0.31197,0.31204,0.31377,0.31508,0.38233,0.35194,0.40264,0.41938,0.02,0.02,0.02,0.02,0.02,0.02,0.02,0.02,1
2016-02-13,2016,44,NA,NA,NA,NA,NA,NA,NA,NA,NA,NA,NA,NA,NA,NA,NA,NA,NA,NA,NA,NA,NA,NA,NA,NA,NA,0,0,0,0,0.31203,0.312,0.31392,0.31526,0.38238,0.34929,0.40238,0.41935,0.02,0.02,0.02,0.02,0.02,0.02,0.02,0.02,1
2016-02-16,2016,47,NA,NA,NA,NA,NA,NA,NA,NA,NA,NA,NA,NA,NA,NA,NA,NA,NA,NA,NA,NA,NA,NA,NA,NA,NA,0,0,0,0,0.31199,0.31187,0.31392,0.3153,0.38279,0.34705,0.40233,0.41937,0.02,0.02,0.02,0.02,0.02,0.02,0.02,0.02,1
2016-02-19,2016,50,NA,NA,NA,NA,NA,NA,NA,NA,NA,NA,NA,NA,NA,NA,NA,NA,NA,NA,NA,NA,NA,NA,NA,NA,NA,0,0,0,0,0.31168,0.3115,0.31357,0.315,0.38331,0.3448,0.40234,0.41944,0.02,0.02,0.02,0.02,0.02,0.02,0.02,0.02,1
2016-02-22,2016,53,NA,NA,NA,NA,NA,NA,NA,NA,NA,NA,NA,NA,NA,NA,NA,NA,NA,NA,NA,NA,NA,NA,NA,NA,NA,0,0,0,0,0.31124,0.31097,0.31304,0.31454,0.38369,0.34215,0.40225,0.41956,0.02,0.02,0.02,0.02,0.02,0.02,0.02,0.02,1
2016-02-25,2016,56,NA,NA,NA,NA,NA,NA,NA,NA,NA,NA,NA,NA,NA,NA,NA,NA,NA,NA,NA,NA,NA,NA,NA,NA,NA,0,0,0,0,0.31104,0.31073,0.31278,0.31433,0.38367,0.3387,0.40191,0.41973,0.02,0.02,0.02,0.02,0.02,0.02,0.02,0.02,1
2016-02-28,2016,59,NA,NA,NA,NA,NA,NA,NA,NA,NA,NA,NA,NA,NA,NA,NA,NA,NA,NA,NA,NA,NA,NA,NA,NA,NA,0,0,0,0,0.31115,0.31084,0.31284,0.31439,0.3837,0.33504,0.40158,0.41994,0.02,0.02,0.02,0.02,0.02,0.02,0.02,0.02,1
2016-03-02,2016,62,NA,NA,NA,NA,NA,NA,NA,NA,NA,NA,NA,NA,NA,NA,NA,NA,NA,NA,NA,NA,NA,NA,NA,NA,NA,0,0,0,0,0.31145,0.31117,0.31309,0.31461,0.38429,0.33199,0.40159,0.42019,0.02,0.02,0.02,0.02,0.02,0.02,0.02,0.02,1
2016-03-05,2016,65,NA,NA,NA,NA,NA,NA,NA,NA,NA,NA,NA,NA,NA,NA,NA,NA,NA,NA,NA,NA,NA,NA,NA,NA,NA,0,0,0,0,0.31203,0.31181,0.31367,0.31516,0.38519,0.32947,0.40178,0.42049,0.02,0.02,0.02,0.02,0.02,0.02,0.02,0.02,1
2016-03-08,2016,68,NA,NA,NA,NA,NA,NA,NA,NA,NA,NA,NA,NA,NA,NA,NA,NA,NA,NA,NA,NA,NA,NA,NA,NA,NA,0,0,0,0,0.31312,0.31301,0.31488,0.31635,0.3862,0.32737,0.40203,0.42084,0.02,0.02,0.02,0.02,0.02,0.02,0.02,0.02,1
2016-03-11,2016,71,NA,NA,NA,NA,NA,NA,NA,NA,NA,NA,NA,NA,NA,NA,NA,NA,NA,NA,NA,NA,NA,NA,NA,NA,NA,0,0,0,0,0.3145,0.31454,0.31645,0.31791,0.38709,0.32562,0.40219,0.42124,0.02,0.02,0.02,0.02,0.02,0.02,0.02,0.02,1
2016-03-14,2016,74,NA,NA,NA,NA,NA,NA,NA,NA,NA,NA,NA,NA,NA,NA,NA,NA,NA,NA,NA,NA,NA,NA,NA,NA,NA,0,0,0,0,0.31563,0.31576,0.3177,0.31916,0.38764,0.32411,0.40214,0.42169,0.02,0.02,0.02,0.02,0.02,0.02,0.02,0.02,1
2016-03-17,2016,77,NA,NA,NA,NA,NA,NA,NA,NA,NA,NA,NA,NA,NA,NA,NA,NA,NA,NA,NA,NA,NA,NA,NA,NA,NA,0,0,0,0,0.31641,0.31658,0.31851,0.31999,0.38821,0.32277,0.4021,0.42219,0.02,0.02,0.02,0.02,0.02,0.02,0.02,0.02,1
2016-03-20,2016,80,NA,NA,NA,NA,NA,NA,NA,NA,NA,NA,NA,NA,NA,NA,NA,NA,NA,NA,NA,NA,NA,NA,NA,NA,NA,0,0,0,0,0.31708,0.31725,0.31917,0.32068,0.38925,0.32148,0.40234,0.42274,0.02,0.02,0.02,0.02,0.02,0.02,0.02,0.02,1
2016-03-23,2016,83,NA,NA,NA,NA,NA,NA,NA,NA,NA,NA,NA,NA,NA,NA,NA,NA,NA,NA,NA,NA,NA,NA,NA,NA,NA,0,0,0,0,0.31756,0.3177,0.3196,0.32114,0.39065,0.32018,0.4028,0.42333,0.02,0.02,0.02,0.02,0.02,0.02,0.02,0.02,1
2016-03-26,2016,86,NA,NA,NA,NA,NA,NA,NA,NA,NA,NA,NA,NA,NA,NA,NA,NA,NA,NA,NA,NA,NA,NA,NA,NA,NA,0,0,0,0,0.31784,0.31789,0.31976,0.32132,0.3923,0.31875,0.4034,0.42398,0.02,0.02,0.02,0.02,0.02,0.02,0.02,0.02,1
2016-03-29,2016,89,NA,NA,NA,NA,NA,NA,NA,NA,NA,NA,NA,NA,NA,NA,NA,NA,NA,NA,NA,NA,NA,NA,NA,NA,NA,0,0,0,0,0.31792,0.31785,0.31969,0.32126,0.3941,0.31712,0.40409,0.42467,0.02,0.02,0.02,0.02,0.02,0.02,0.02,0.02,1
